2	1.14	-0.114
1	-1.52	-1.15
2	-1.05	0.72
1	-0.916	0.397
1	-1.09	0.437
1	-0.584	0.0937
2	1.83	0.452
1	-1.25	-0.286
1	1.7	1.21
1	-0.482	-0.485
2	1.79	-0.459
2	-0.122	-0.808
1	0.0809	1.93
1	-0.541	-0.332
2	-1.02	0.619
2	-0.768	-1.04
1	-1.69	-0.0461
1	1.26	1.21
2	0.724	0.989
2	0.444	1.99
2	-1.01	-1.36
1	-0.863	0.496
1	1.16	-0.458
1	-0.595	-0.651
1	-0.77	0.364
1	-0.871	-0.825
1	0.996	-1.7
2	1.28	0.691
2	0.925	0.895
2	-0.687	-1.29
1	1.74	0.964
1	1.18	-0.335
1	2.52	1.43
2	1.71	-0.044
1	0.271	-0.591
2	1.12	0.626
2	1.3	0.196
1	-1.59	-0.68
1	0.408	0.0673
2	1.13	1.48
2	0.763	0.921
2	-1.41	1.11
2	-0.75	-0.881
2	1.16	0.978
2	1.13	0.405
2	-0.522	-1.34
2	-1.41	0.894
1	0.00902	-0.434
1	-2.14	-1.43
2	-1.31	1.25
2	0.041	-1.13
2	0.0483	0.866
2	-2.11	0.193
2	0.522	1.46
2	0.0284	1.62
1	0.396	-0.606
2	0.536	0.921
1	0.315	-0.182
2	-0.123	-1.07
2	0.526	1.48
1	0.00665	0.0118
1	-0.352	-0.49
2	-0.0701	-1.23
2	-0.149	-1.2
1	0.785	0.0481
2	-1.62	0.593
2	-0.0314	-1.01
2	-0.285	-1.1
1	1.33	1.51
1	1.09	-1.37
2	-0.223	-1.28
2	-0.0341	-1.07
2	1.22	1.13
1	-1.67	-1.26
2	1.97	-0.772
1	-0.508	-0.715
1	0.603	-0.108
1	-0.323	-0.213
2	-0.124	-1.12
2	-0.439	-0.961
1	0.201	0.0024
2	0.812	0.708
2	0.888	0.817
1	0.0238	0.0836
2	0.415	-1
1	-0.308	2.19
1	0.767	-0.248
1	1.23	-1.2
1	1.33	1.63
1	0.27	0.0491
1	-1.69	-1.87
1	0.495	-0.281
2	-0.519	-0.799
2	-1.99	0.549
1	1.36	-0.732
2	-1.03	0.654
2	0.431	-1.33
2	-0.0583	-1.15
1	-0.209	0.345
1	1.26	-1.37
1	-1.78	-0.378
1	0.98	-0.0439
2	-0.0536	1.6
1	-1.39	-0.451
1	1.22	-0.361
2	1.22	0.561
1	-0.838	0.356
2	-0.446	-0.861
1	1.17	-1.39
2	-0.0868	-1.33
2	-1.12	0.576
2	-0.28	-1.3
1	-0.0269	0.958
2	-0.697	1.35
1	1.38	-1.74
2	0.408	1.16
1	1.2	1.54
1	2.07	1.02
1	-0.462	-0.187
2	1.27	0.589
2	-0.101	-0.765
2	-0.819	1.26
1	0.615	-0.0228
1	-1.79	-0.98
1	-1.79	-0.954
1	0.826	1.5
2	0.845	0.766
2	-0.476	-1.49
2	1.01	0.48
2	1.39	-0.376
2	0.357	-1.07
2	0.77	1.4
1	-1.08	0.114
2	-0.795	-1.43
1	0.706	1.38
1	-1.26	0.23
2	-0.833	-0.569
2	-0.0303	2.11
1	-0.223	-0.419
2	-0.562	-0.873
2	0.926	0.972
1	-1.86	-1.57
2	-0.806	0.941
1	-0.214	0.38
1	0.744	1.42
2	1.94	-0.65
1	1.77	1.35
1	-0.903	0.101
2	-0.0418	-1.02
1	0.309	-0.175
2	-0.634	-0.969
2	-1.62	0.102
2	-1.21	1.27
2	0.529	0.133
2	0.386	1.55
1	-0.0962	0.19
2	-0.536	1.13
1	1.02	-0.261
2	-0.876	-1
1	2.35	1.21
2	-0.982	-1.08
1	-1.16	0.469
2	-1.74	0.693
2	-1.1	1.16
1	0.0179	-0.7
2	-0.62	-0.984
2	-1.52	0.66
1	1.07	-0.985
2	0.917	0.525
2	-0.0482	1.52
1	1.49	1.55
2	-0.584	1.01
1	-0.0625	-0.12
2	-1.68	1.08
1	-1.77	-0.923
1	-0.202	0.712
1	1.06	-0.427
1	1.71	1.1
2	-1.7	0.872
1	1.86	1.14
1	-0.529	-0.357
2	-0.411	-1.3
1	0.666	1.36
2	0.162	-0.791
1	-0.296	0.255
2	-0.0347	1.3
2	0.294	-1.5
2	-0.52	-1.17
1	0.741	-1.2
2	-1.33	1.08
1	-0.0987	0.966
2	0.0131	-0.969
1	0.896	1.58
1	-0.412	0.492
2	0.683	1.07
1	-0.753	-0.0615
2	-0.0674	1.85
2	1.08	0.683
2	1.15	0.243
1	0.497	-0.671
2	0.174	1.92
2	1.64	0.0477
2	-0.478	-0.796
2	-0.447	-1
1	-1.04	-0.2
2	2.06	-0.482
2	-0.89	-1.17
2	0.312	-1.23
1	0.976	-1.39
2	0.291	-0.795
1	0.303	-0.143
1	1.1	-0.695
1	0.579	-1.02
2	-1.54	0.685
1	0.916	0.144
2	1.18	0.614
2	0.254	-0.862
1	-0.877	-0.401
1	1.97	0.99
2	0.471	1.39
2	1.63	0.475
2	0.945	0.309
2	0.121	-1.3
1	1.06	-0.69
1	1.42	-0.32
1	0.535	0.504
2	0.912	-0.114
2	-0.75	1.14
1	1.14	-0.209
2	-1.03	-1.09
1	0.268	-1.08
1	-1.77	-0.828
1	0.378	-0.0609
1	1.19	0.113
2	-0.168	1.32
1	2.07	1.21
2	-1.07	0.707
2	-1.19	0.309
2	1.19	0.697
2	0.121	1.72
1	1.23	-0.0582
1	0.44	0.399
2	-0.723	0.633
2	-0.63	0.949
1	0.143	0.263
1	1.23	-0.615
2	1.9	-0.0565
2	1.22	-0.0172
1	0.0107	0.0258
1	0.36	-0.715
2	0.139	-1.01
2	0.308	-1.06
1	-0.645	-0.238
2	1.15	0.715
2	-0.531	-1.27
2	1.05	0.701
2	0.0681	-0.76
2	-0.595	1.46
2	0.72	0.989
1	-1.86	-0.963
2	0.0692	-0.828
2	0.863	0.765
2	-0.574	1.32
2	-0.467	-1.51
2	1.43	0.484
2	-0.592	-1.17
1	0.122	-0.041
2	0.909	0.118
2	-0.705	-0.93
2	1.05	0.453
2	-0.786	-1.33
2	0.07	1.7
2	-0.36	-1.28
2	-1.25	0.985
1	1.33	1.42
1	0.778	-0.694
1	-1.87	-1.26
2	0.178	1.49
2	-1.03	1.18
1	-0.956	-0.818
2	0.0345	-0.691
1	-1.25	0.512
2	-0.187	-1.38
2	-1.24	1
1	0.329	-0.37
1	-1.37	-0.803
2	0.529	1.62
2	-0.23	1.08
2	-0.619	-0.748
2	-0.914	1.07
2	0.163	-1.31
1	1.19	-1.34
1	0.983	-1.31
1	-1.63	-1.41
1	-1.02	-0.296
1	-0.387	0.26
1	-1.59	-1
2	1.69	-0.724
1	-0.869	-0.0393
1	-1.9	0.106
2	-1.75	0.722
2	-1.06	-1.07
2	-0.509	-1.41
1	-0.112	-0.841
2	1.08	0.79
2	0.498	0.567
2	-0.796	-1.63
2	-0.3	-1.04
2	-2.34	0.246
1	0.842	-1.41
2	-0.0263	-1.35
2	0.586	1.15
2	1.87	-0.239
2	0.404	-0.868
1	0.564	-1.13
1	-0.0584	0.54
1	-1.58	-1.26
1	-0.813	-0.57
1	-0.579	-0.748
2	-1.35	1.32
2	-0.639	-0.938
2	1.49	-0.00779
1	0.719	0.0781
2	0.0346	1.7
1	-0.274	0.0468
1	0.207	0.0304
2	1.63	-0.251
2	-0.207	-0.745
2	-0.717	1
1	1.17	-0.567
2	0.661	1.69
2	-1.13	0.6
2	-0.109	-1.25
2	0.68	0.702
2	0.867	0.81
2	-0.562	-1.01
2	1.79	-0.102
1	-1.87	-1.1
1	-0.946	-0.197
1	0.812	-0.195
1	0.287	-0.517
2	0.262	-0.673
2	-0.358	-1.02
2	-0.392	-1.27
2	-1.2	-1.02
2	-0.337	-1.45
1	-1.54	-0.643
2	0.311	1.76
2	-0.473	-0.749
2	1.71	0.0217
2	1.88	-0.368
1	-1.18	-0.0978
1	0.0431	-0.0199
2	1.23	0.354
1	0.0788	-0.0998
2	0.0544	-1.59
1	-0.24	1.72
2	-0.496	-1.09
2	-0.636	1.35
2	1.15	0.634
1	1.29	-1.43
2	-0.983	1.06
1	-0.206	-0.474
1	0.298	-0.829
2	-0.972	-1.06
2	1.21	0.354
1	0.328	1.71
2	0.313	-1.07
1	-1.24	-0.352
1	-1.39	-0.68
1	1.2	-1.56
1	-0.208	0.332
2	0.553	1.54
2	0.354	-1.19
2	-0.74	-1.53
2	-0.769	1.35
2	-0.0381	-0.791
1	-0.102	-0.13
1	-1.06	0.496
2	-0.481	1.09
1	0.866	-0.917
2	1.06	0.266
1	1.73	1.68
2	-0.516	-0.935
2	-0.893	-1.27
1	1.2	-0.948
2	0.763	1.15
2	0.794	0.762
1	-0.314	0.0194
2	-0.456	1.55
2	1.04	0.563
1	-0.0978	-0.424
2	1.37	-0.643
1	-0.201	0.0726
2	-1.97	0.611
1	0.99	-0.0762
2	1.28	0.902
1	0.569	1.62
1	-1.2	-0.451
2	-0.508	1.48
2	-1.69	-0.175
2	-0.298	-1.26
2	0.301	-1.17
2	0.975	1.48
1	-0.853	-0.254
1	0.837	1.75
2	0.379	1.36
1	-0.364	-0.0828
1	0.939	-0.351
2	1.24	0.554
1	1.37	-0.331
2	-0.48	-0.913
2	1.34	-0.261
2	0.286	1.23
2	0.672	2.03
2	-0.52	-1.52
2	-0.513	1.29
2	-0.648	-0.631
1	-0.113	-0.197
1	0.103	0.329
2	-0.941	0.976
1	-0.533	-0.402
1	1.09	-1.59
2	-0.395	-0.756
1	1.46	-0.417
2	-0.724	-1.26
1	-1.59	-0.98
2	0.159	1.51
2	-0.843	1.4
2	-0.581	-1.27
2	-0.268	-1.26
1	-1.58	-0.842
2	-0.52	1.2
1	-0.0203	1.92
2	-1.52	0.934
2	1.05	0.444
1	0.351	-0.0402
2	-0.322	-1.12
2	-0.654	-0.999
2	0.165	-1.58
1	2.6	0.951
2	1.52	-0.0653
1	-1.29	-0.529
2	1.18	0.392
2	-0.00264	-1.02
2	1.24	0.273
2	1.45	0.398
2	0.54	-1.26
2	-0.324	-1.03
1	-1.69	-1.2
2	-0.455	0.868
1	2.16	1.16
2	-0.232	-1.4
2	0.685	1.69
2	-0.0537	-1.52
2	1.03	0.548
2	-0.758	-1.21
1	-0.259	0.496
1	-0.472	0.411
2	-0.127	-1.33
2	-0.784	-1.05
1	-1.73	-1.32
1	-1.24	-0.919
2	0.275	-0.987
2	1.66	0.672
2	-1.07	0.963
2	-0.262	1.28
1	-1.4	-0.37
1	-0.288	0.305
1	0.778	1.44
2	1.23	-0.493
1	-1.27	-0.273
2	-0.994	1.14
1	0.74	1.2
2	0.489	0.904
1	0.805	-0.237
1	-1.86	-1.47
2	-0.617	-1.02
2	-0.66	0.965
1	0.487	-0.13
2	-0.0508	-1.19
1	0.96	-0.522
2	-1.21	0.778
2	0.149	1.98
1	-1.76	-0.903
1	0.0486	-0.389
2	-0.891	1
2	0.263	-1.48
2	1.21	1.28
1	-1.46	0.0829
2	-1.04	1.19
1	-1.69	-0.542
1	0.707	0.0524
1	-0.201	0.0726
2	-1.97	0.611
1	0.99	-0.0762
2	1.28	0.902
1	0.569	1.62
1	-1.2	-0.451
2	-0.508	1.48
2	-1.69	-0.175
2	-0.298	-1.26
2	0.301	-1.17
2	0.975	1.48
1	-0.853	-0.254
1	0.837	1.75
2	0.379	1.36
1	-0.364	-0.0828
1	0.939	-0.351
2	1.24	0.554
1	1.37	-0.331
2	-0.48	-0.913
2	1.34	-0.261
2	0.286	1.23
2	0.672	2.03
2	-0.52	-1.52
2	-0.513	1.29
2	-0.648	-0.631
1	-0.113	-0.197
1	0.103	0.329
2	-0.941	0.976
1	-0.533	-0.402
1	1.09	-1.59
2	-0.395	-0.756
1	1.46	-0.417
2	-0.724	-1.26
1	-1.59	-0.98
2	0.159	1.51
2	-0.843	1.4
2	-0.581	-1.27
2	-0.268	-1.26
1	-1.58	-0.842
2	-0.52	1.2
1	-0.0203	1.92
2	-1.52	0.934
2	1.05	0.444
1	0.351	-0.0402
2	-0.322	-1.12
2	-0.654	-0.999
2	0.165	-1.58
1	2.6	0.951
2	1.52	-0.0653
1	-1.29	-0.529
2	1.18	0.392
2	-0.00264	-1.02
2	1.24	0.273
2	1.45	0.398
2	0.54	-1.26
2	-0.324	-1.03
1	-1.69	-1.2
2	-0.455	0.868
1	2.16	1.16
2	-0.232	-1.4
2	0.685	1.69
2	-0.0537	-1.52
2	1.03	0.548
2	-0.758	-1.21
1	-0.259	0.496
1	-0.472	0.411
2	-0.127	-1.33
2	-0.784	-1.05
1	-1.73	-1.32
1	-1.24	-0.919
2	0.275	-0.987
2	1.66	0.672
2	-1.07	0.963
2	-0.262	1.28
1	-1.4	-0.37
1	-0.288	0.305
1	0.778	1.44
2	1.23	-0.493
1	-1.27	-0.273
2	-0.994	1.14
1	0.74	1.2
2	0.489	0.904
1	0.805	-0.237
1	-1.86	-1.47
2	-0.617	-1.02
2	-0.66	0.965
1	0.487	-0.13
2	-0.0508	-1.19
1	0.96	-0.522
2	-1.21	0.778
2	0.149	1.98
1	-1.76	-0.903
1	0.0486	-0.389
2	-0.891	1
2	0.263	-1.48
2	1.21	1.28
1	-1.46	0.0829
2	-1.04	1.19
1	-1.69	-0.542
1	0.707	0.0524
1	-0.201	0.0726
2	-1.97	0.611
1	0.99	-0.0762
2	1.28	0.902
1	0.569	1.62
1	-1.2	-0.451
2	-0.508	1.48
2	-1.69	-0.175
2	-0.298	-1.26
2	0.301	-1.17
2	0.975	1.48
1	-0.853	-0.254
1	0.837	1.75
2	0.379	1.36
1	-0.364	-0.0828
1	0.939	-0.351
2	1.24	0.554
1	1.37	-0.331
2	-0.48	-0.913
2	1.34	-0.261
2	0.286	1.23
2	0.672	2.03
2	-0.52	-1.52
2	-0.513	1.29
2	-0.648	-0.631
1	-0.113	-0.197
1	0.103	0.329
2	-0.941	0.976
1	-0.533	-0.402
1	1.09	-1.59
2	-0.395	-0.756
1	1.46	-0.417
2	-0.724	-1.26
1	-1.59	-0.98
2	0.159	1.51
2	-0.843	1.4
2	-0.581	-1.27
2	-0.268	-1.26
1	-1.58	-0.842
2	-0.52	1.2
1	-0.0203	1.92
2	-1.52	0.934
2	1.05	0.444
1	0.351	-0.0402
2	-0.322	-1.12
2	-0.654	-0.999
2	0.165	-1.58
1	2.6	0.951
2	1.52	-0.0653
1	-1.29	-0.529
2	1.18	0.392
2	-0.00264	-1.02
2	1.24	0.273
2	1.45	0.398
2	0.54	-1.26
2	-0.324	-1.03
1	-1.69	-1.2
2	-0.455	0.868
1	2.16	1.16
2	-0.232	-1.4
2	0.685	1.69
2	-0.0537	-1.52
2	1.03	0.548
2	-0.758	-1.21
1	-0.259	0.496
1	-0.472	0.411
2	-0.127	-1.33
2	-0.784	-1.05
1	-1.73	-1.32
1	-1.24	-0.919
2	0.275	-0.987
2	1.66	0.672
2	-1.07	0.963
2	-0.262	1.28
1	-1.4	-0.37
1	-0.288	0.305
1	0.778	1.44
2	1.23	-0.493
1	-1.27	-0.273
2	-0.994	1.14
1	0.74	1.2
2	0.489	0.904
1	0.805	-0.237
1	-1.86	-1.47
2	-0.617	-1.02
2	-0.66	0.965
1	0.487	-0.13
2	-0.0508	-1.19
1	0.96	-0.522
2	-1.21	0.778
2	0.149	1.98
1	-1.76	-0.903
1	0.0486	-0.389
2	-0.891	1
2	0.263	-1.48
2	1.21	1.28
1	-1.46	0.0829
2	-1.04	1.19
1	-1.69	-0.542
1	0.707	0.0524
1	-0.201	0.0726
2	-1.97	0.611
1	0.99	-0.0762
2	1.28	0.902
1	0.569	1.62
1	-1.2	-0.451
2	-0.508	1.48
2	-1.69	-0.175
2	-0.298	-1.26
2	0.301	-1.17
2	0.975	1.48
1	-0.853	-0.254
1	0.837	1.75
2	0.379	1.36
1	-0.364	-0.0828
1	0.939	-0.351
2	1.24	0.554
1	1.37	-0.331
2	-0.48	-0.913
2	1.34	-0.261
2	0.286	1.23
2	0.672	2.03
2	-0.52	-1.52
2	-0.513	1.29
2	-0.648	-0.631
1	-0.113	-0.197
1	0.103	0.329
2	-0.941	0.976
1	-0.533	-0.402
1	1.09	-1.59
2	-0.395	-0.756
1	1.46	-0.417
2	-0.724	-1.26
1	-1.59	-0.98
2	0.159	1.51
2	-0.843	1.4
2	-0.581	-1.27
2	-0.268	-1.26
1	-1.58	-0.842
2	-0.52	1.2
1	-0.0203	1.92
2	-1.52	0.934
2	1.05	0.444
1	0.351	-0.0402
2	-0.322	-1.12
2	-0.654	-0.999
2	0.165	-1.58
1	2.6	0.951
2	1.52	-0.0653
1	-1.29	-0.529
2	1.18	0.392
2	-0.00264	-1.02
2	1.24	0.273
2	1.45	0.398
2	0.54	-1.26
2	-0.324	-1.03
1	-1.69	-1.2
2	-0.455	0.868
1	2.16	1.16
2	-0.232	-1.4
2	0.685	1.69
2	-0.0537	-1.52
2	1.03	0.548
2	-0.758	-1.21
1	-0.259	0.496
1	-0.472	0.411
2	-0.127	-1.33
2	-0.784	-1.05
1	-1.73	-1.32
1	-1.24	-0.919
2	0.275	-0.987
2	1.66	0.672
2	-1.07	0.963
2	-0.262	1.28
1	-1.4	-0.37
1	-0.288	0.305
1	0.778	1.44
2	1.23	-0.493
1	-1.27	-0.273
2	-0.994	1.14
1	0.74	1.2
2	0.489	0.904
1	0.805	-0.237
1	-1.86	-1.47
2	-0.617	-1.02
2	-0.66	0.965
1	0.487	-0.13
2	-0.0508	-1.19
1	0.96	-0.522
2	-1.21	0.778
2	0.149	1.98
1	-1.76	-0.903
1	0.0486	-0.389
2	-0.891	1
2	0.263	-1.48
2	1.21	1.28
1	-1.46	0.0829
2	-1.04	1.19
1	-1.69	-0.542
1	0.707	0.0524
1	-0.201	0.0726
2	-1.97	0.611
1	0.99	-0.0762
2	1.28	0.902
1	0.569	1.62
1	-1.2	-0.451
2	-0.508	1.48
2	-1.69	-0.175
2	-0.298	-1.26
2	0.301	-1.17
2	0.975	1.48
1	-0.853	-0.254
1	0.837	1.75
2	0.379	1.36
1	-0.364	-0.0828
1	0.939	-0.351
2	1.24	0.554
1	1.37	-0.331
2	-0.48	-0.913
2	1.34	-0.261
2	0.286	1.23
2	0.672	2.03
2	-0.52	-1.52
2	-0.513	1.29
2	-0.648	-0.631
1	-0.113	-0.197
1	0.103	0.329
2	-0.941	0.976
1	-0.533	-0.402
1	1.09	-1.59
2	-0.395	-0.756
1	1.46	-0.417
2	-0.724	-1.26
1	-1.59	-0.98
2	0.159	1.51
2	-0.843	1.4
2	-0.581	-1.27
2	-0.268	-1.26
1	-1.58	-0.842
2	-0.52	1.2
1	-0.0203	1.92
2	-1.52	0.934
2	1.05	0.444
1	0.351	-0.0402
2	-0.322	-1.12
2	-0.654	-0.999
2	0.165	-1.58
1	2.6	0.951
2	1.52	-0.0653
1	-1.29	-0.529
2	1.18	0.392
2	-0.00264	-1.02
2	1.24	0.273
2	1.45	0.398
2	0.54	-1.26
2	-0.324	-1.03
1	-1.69	-1.2
2	-0.455	0.868
1	2.16	1.16
2	-0.232	-1.4
2	0.685	1.69
2	-0.0537	-1.52
2	1.03	0.548
2	-0.758	-1.21
1	-0.259	0.496
1	-0.472	0.411
2	-0.127	-1.33
2	-0.784	-1.05
1	-1.73	-1.32
1	-1.24	-0.919
2	0.275	-0.987
2	1.66	0.672
2	-1.07	0.963
2	-0.262	1.28
1	-1.4	-0.37
1	-0.288	0.305
1	0.778	1.44
2	1.23	-0.493
1	-1.27	-0.273
2	-0.994	1.14
1	0.74	1.2
2	0.489	0.904
1	0.805	-0.237
1	-1.86	-1.47
2	-0.617	-1.02
2	-0.66	0.965
1	0.487	-0.13
2	-0.0508	-1.19
1	0.96	-0.522
2	-1.21	0.778
2	0.149	1.98
1	-1.76	-0.903
1	0.0486	-0.389
2	-0.891	1
2	0.263	-1.48
2	1.21	1.28
1	-1.46	0.0829
2	-1.04	1.19
1	-1.69	-0.542
1	0.707	0.0524
1	-0.201	0.0726
2	-1.97	0.611
1	0.99	-0.0762
2	1.28	0.902
1	0.569	1.62
1	-1.2	-0.451
2	-0.508	1.48
2	-1.69	-0.175
2	-0.298	-1.26
2	0.301	-1.17
2	0.975	1.48
1	-0.853	-0.254
1	0.837	1.75
2	0.379	1.36
1	-0.364	-0.0828
1	0.939	-0.351
2	1.24	0.554
1	1.37	-0.331
2	-0.48	-0.913
2	1.34	-0.261
2	0.286	1.23
2	0.672	2.03
2	-0.52	-1.52
2	-0.513	1.29
2	-0.648	-0.631
1	-0.113	-0.197
1	0.103	0.329
2	-0.941	0.976
1	-0.533	-0.402
1	1.09	-1.59
2	-0.395	-0.756
1	1.46	-0.417
2	-0.724	-1.26
1	-1.59	-0.98
2	0.159	1.51
2	-0.843	1.4
2	-0.581	-1.27
2	-0.268	-1.26
1	-1.58	-0.842
2	-0.52	1.2
1	-0.0203	1.92
2	-1.52	0.934
2	1.05	0.444
1	0.351	-0.0402
2	-0.322	-1.12
2	-0.654	-0.999
2	0.165	-1.58
1	2.6	0.951
2	1.52	-0.0653
1	-1.29	-0.529
2	1.18	0.392
2	-0.00264	-1.02
2	1.24	0.273
2	1.45	0.398
2	0.54	-1.26
2	-0.324	-1.03
1	-1.69	-1.2
2	-0.455	0.868
1	2.16	1.16
2	-0.232	-1.4
2	0.685	1.69
2	-0.0537	-1.52
2	1.03	0.548
2	-0.758	-1.21
1	-0.259	0.496
1	-0.472	0.411
2	-0.127	-1.33
2	-0.784	-1.05
1	-1.73	-1.32
1	-1.24	-0.919
2	0.275	-0.987
2	1.66	0.672
2	-1.07	0.963
2	-0.262	1.28
1	-1.4	-0.37
1	-0.288	0.305
1	0.778	1.44
2	1.23	-0.493
1	-1.27	-0.273
2	-0.994	1.14
1	0.74	1.2
2	0.489	0.904
1	0.805	-0.237
1	-1.86	-1.47
2	-0.617	-1.02
2	-0.66	0.965
1	0.487	-0.13
2	-0.0508	-1.19
1	0.96	-0.522
2	-1.21	0.778
2	0.149	1.98
1	-1.76	-0.903
1	0.0486	-0.389
2	-0.891	1
2	0.263	-1.48
2	1.21	1.28
1	-1.46	0.0829
2	-1.04	1.19
1	-1.69	-0.542
1	0.707	0.0524
1	-0.201	0.0726
2	-1.97	0.611
1	0.99	-0.0762
2	1.28	0.902
1	0.569	1.62
1	-1.2	-0.451
2	-0.508	1.48
2	-1.69	-0.175
2	-0.298	-1.26
2	0.301	-1.17
2	0.975	1.48
1	-0.853	-0.254
1	0.837	1.75
2	0.379	1.36
1	-0.364	-0.0828
1	0.939	-0.351
2	1.24	0.554
1	1.37	-0.331
2	-0.48	-0.913
2	1.34	-0.261
2	0.286	1.23
2	0.672	2.03
2	-0.52	-1.52
2	-0.513	1.29
2	-0.648	-0.631
1	-0.113	-0.197
1	0.103	0.329
2	-0.941	0.976
1	-0.533	-0.402
1	1.09	-1.59
2	-0.395	-0.756
1	1.46	-0.417
2	-0.724	-1.26
1	-1.59	-0.98
2	0.159	1.51
2	-0.843	1.4
2	-0.581	-1.27
2	-0.268	-1.26
1	-1.58	-0.842
2	-0.52	1.2
1	-0.0203	1.92
2	-1.52	0.934
2	1.05	0.444
1	0.351	-0.0402
2	-0.322	-1.12
2	-0.654	-0.999
2	0.165	-1.58
1	2.6	0.951
2	1.52	-0.0653
1	-1.29	-0.529
2	1.18	0.392
2	-0.00264	-1.02
2	1.24	0.273
2	1.45	0.398
2	0.54	-1.26
2	-0.324	-1.03
1	-1.69	-1.2
2	-0.455	0.868
1	2.16	1.16
2	-0.232	-1.4
2	0.685	1.69
2	-0.0537	-1.52
2	1.03	0.548
2	-0.758	-1.21
1	-0.259	0.496
1	-0.472	0.411
2	-0.127	-1.33
2	-0.784	-1.05
1	-1.73	-1.32
1	-1.24	-0.919
2	0.275	-0.987
2	1.66	0.672
2	-1.07	0.963
2	-0.262	1.28
1	-1.4	-0.37
1	-0.288	0.305
1	0.778	1.44
2	1.23	-0.493
1	-1.27	-0.273
2	-0.994	1.14
1	0.74	1.2
2	0.489	0.904
1	0.805	-0.237
1	-1.86	-1.47
2	-0.617	-1.02
2	-0.66	0.965
1	0.487	-0.13
2	-0.0508	-1.19
1	0.96	-0.522
2	-1.21	0.778
2	0.149	1.98
1	-1.76	-0.903
1	0.0486	-0.389
2	-0.891	1
2	0.263	-1.48
2	1.21	1.28
1	-1.46	0.0829
2	-1.04	1.19
1	-1.69	-0.542
1	0.707	0.0524
1	-0.201	0.0726
2	-1.97	0.611
1	0.99	-0.0762
2	1.28	0.902
1	0.569	1.62
1	-1.2	-0.451
2	-0.508	1.48
2	-1.69	-0.175
2	-0.298	-1.26
2	0.301	-1.17
2	0.975	1.48
1	-0.853	-0.254
1	0.837	1.75
2	0.379	1.36
1	-0.364	-0.0828
1	0.939	-0.351
2	1.24	0.554
1	1.37	-0.331
2	-0.48	-0.913
2	1.34	-0.261
2	0.286	1.23
2	0.672	2.03
2	-0.52	-1.52
2	-0.513	1.29
2	-0.648	-0.631
1	-0.113	-0.197
1	0.103	0.329
2	-0.941	0.976
1	-0.533	-0.402
1	1.09	-1.59
2	-0.395	-0.756
1	1.46	-0.417
2	-0.724	-1.26
1	-1.59	-0.98
2	0.159	1.51
2	-0.843	1.4
2	-0.581	-1.27
2	-0.268	-1.26
1	-1.58	-0.842
2	-0.52	1.2
1	-0.0203	1.92
2	-1.52	0.934
2	1.05	0.444
1	0.351	-0.0402
2	-0.322	-1.12
2	-0.654	-0.999
2	0.165	-1.58
1	2.6	0.951
2	1.52	-0.0653
1	-1.29	-0.529
2	1.18	0.392
2	-0.00264	-1.02
2	1.24	0.273
2	1.45	0.398
2	0.54	-1.26
2	-0.324	-1.03
1	-1.69	-1.2
2	-0.455	0.868
1	2.16	1.16
2	-0.232	-1.4
2	0.685	1.69
2	-0.0537	-1.52
2	1.03	0.548
2	-0.758	-1.21
1	-0.259	0.496
1	-0.472	0.411
2	-0.127	-1.33
2	-0.784	-1.05
1	-1.73	-1.32
1	-1.24	-0.919
2	0.275	-0.987
2	1.66	0.672
2	-1.07	0.963
2	-0.262	1.28
1	-1.4	-0.37
1	-0.288	0.305
1	0.778	1.44
2	1.23	-0.493
1	-1.27	-0.273
2	-0.994	1.14
1	0.74	1.2
2	0.489	0.904
1	0.805	-0.237
1	-1.86	-1.47
2	-0.617	-1.02
2	-0.66	0.965
1	0.487	-0.13
2	-0.0508	-1.19
1	0.96	-0.522
2	-1.21	0.778
2	0.149	1.98
1	-1.76	-0.903
1	0.0486	-0.389
2	-0.891	1
2	0.263	-1.48
2	1.21	1.28
1	-1.46	0.0829
2	-1.04	1.19
1	-1.69	-0.542
1	0.707	0.0524
1	-0.201	0.0726
2	-1.97	0.611
1	0.99	-0.0762
2	1.28	0.902
1	0.569	1.62
1	-1.2	-0.451
2	-0.508	1.48
2	-1.69	-0.175
2	-0.298	-1.26
2	0.301	-1.17
2	0.975	1.48
1	-0.853	-0.254
1	0.837	1.75
2	0.379	1.36
1	-0.364	-0.0828
1	0.939	-0.351
2	1.24	0.554
1	1.37	-0.331
2	-0.48	-0.913
2	1.34	-0.261
2	0.286	1.23
2	0.672	2.03
2	-0.52	-1.52
2	-0.513	1.29
2	-0.648	-0.631
1	-0.113	-0.197
1	0.103	0.329
2	-0.941	0.976
1	-0.533	-0.402
1	1.09	-1.59
2	-0.395	-0.756
1	1.46	-0.417
2	-0.724	-1.26
1	-1.59	-0.98
2	0.159	1.51
2	-0.843	1.4
2	-0.581	-1.27
2	-0.268	-1.26
1	-1.58	-0.842
2	-0.52	1.2
1	-0.0203	1.92
2	-1.52	0.934
2	1.05	0.444
1	0.351	-0.0402
2	-0.322	-1.12
2	-0.654	-0.999
2	0.165	-1.58
1	2.6	0.951
2	1.52	-0.0653
1	-1.29	-0.529
2	1.18	0.392
2	-0.00264	-1.02
2	1.24	0.273
2	1.45	0.398
2	0.54	-1.26
2	-0.324	-1.03
1	-1.69	-1.2
2	-0.455	0.868
1	2.16	1.16
2	-0.232	-1.4
2	0.685	1.69
2	-0.0537	-1.52
2	1.03	0.548
2	-0.758	-1.21
1	-0.259	0.496
1	-0.472	0.411
2	-0.127	-1.33
2	-0.784	-1.05
1	-1.73	-1.32
1	-1.24	-0.919
2	0.275	-0.987
2	1.66	0.672
2	-1.07	0.963
2	-0.262	1.28
1	-1.4	-0.37
1	-0.288	0.305
1	0.778	1.44
2	1.23	-0.493
1	-1.27	-0.273
2	-0.994	1.14
1	0.74	1.2
2	0.489	0.904
1	0.805	-0.237
1	-1.86	-1.47
2	-0.617	-1.02
2	-0.66	0.965
1	0.487	-0.13
2	-0.0508	-1.19
1	0.96	-0.522
2	-1.21	0.778
2	0.149	1.98
1	-1.76	-0.903
1	0.0486	-0.389
2	-0.891	1
2	0.263	-1.48
2	1.21	1.28
1	-1.46	0.0829
2	-1.04	1.19
1	-1.69	-0.542
1	0.707	0.0524
1	-0.201	0.0726
2	-1.97	0.611
1	0.99	-0.0762
2	1.28	0.902
1	0.569	1.62
1	-1.2	-0.451
2	-0.508	1.48
2	-1.69	-0.175
2	-0.298	-1.26
2	0.301	-1.17
2	0.975	1.48
1	-0.853	-0.254
1	0.837	1.75
2	0.379	1.36
1	-0.364	-0.0828
1	0.939	-0.351
2	1.24	0.554
1	1.37	-0.331
2	-0.48	-0.913
2	1.34	-0.261
2	0.286	1.23
2	0.672	2.03
2	-0.52	-1.52
2	-0.513	1.29
2	-0.648	-0.631
1	-0.113	-0.197
1	0.103	0.329
2	-0.941	0.976
1	-0.533	-0.402
1	1.09	-1.59
2	-0.395	-0.756
1	1.46	-0.417
2	-0.724	-1.26
1	-1.59	-0.98
2	0.159	1.51
2	-0.843	1.4
2	-0.581	-1.27
2	-0.268	-1.26
1	-1.58	-0.842
2	-0.52	1.2
1	-0.0203	1.92
2	-1.52	0.934
2	1.05	0.444
1	0.351	-0.0402
2	-0.322	-1.12
2	-0.654	-0.999
2	0.165	-1.58
1	2.6	0.951
2	1.52	-0.0653
1	-1.29	-0.529
2	1.18	0.392
2	-0.00264	-1.02
2	1.24	0.273
2	1.45	0.398
2	0.54	-1.26
2	-0.324	-1.03
1	-1.69	-1.2
2	-0.455	0.868
1	2.16	1.16
2	-0.232	-1.4
2	0.685	1.69
2	-0.0537	-1.52
2	1.03	0.548
2	-0.758	-1.21
1	-0.259	0.496
1	-0.472	0.411
2	-0.127	-1.33
2	-0.784	-1.05
1	-1.73	-1.32
1	-1.24	-0.919
2	0.275	-0.987
2	1.66	0.672
2	-1.07	0.963
2	-0.262	1.28
1	-1.4	-0.37
1	-0.288	0.305
1	0.778	1.44
2	1.23	-0.493
1	-1.27	-0.273
2	-0.994	1.14
1	0.74	1.2
2	0.489	0.904
1	0.805	-0.237
1	-1.86	-1.47
2	-0.617	-1.02
2	-0.66	0.965
1	0.487	-0.13
2	-0.0508	-1.19
1	0.96	-0.522
2	-1.21	0.778
2	0.149	1.98
1	-1.76	-0.903
1	0.0486	-0.389
2	-0.891	1
2	0.263	-1.48
2	1.21	1.28
1	-1.46	0.0829
2	-1.04	1.19
1	-1.69	-0.542
1	0.707	0.0524
1	-0.201	0.0726
2	-1.97	0.611
1	0.99	-0.0762
2	1.28	0.902
1	0.569	1.62
1	-1.2	-0.451
2	-0.508	1.48
2	-1.69	-0.175
2	-0.298	-1.26
2	0.301	-1.17
2	0.975	1.48
1	-0.853	-0.254
1	0.837	1.75
2	0.379	1.36
1	-0.364	-0.0828
1	0.939	-0.351
2	1.24	0.554
1	1.37	-0.331
2	-0.48	-0.913
2	1.34	-0.261
2	0.286	1.23
2	0.672	2.03
2	-0.52	-1.52
2	-0.513	1.29
2	-0.648	-0.631
1	-0.113	-0.197
1	0.103	0.329
2	-0.941	0.976
1	-0.533	-0.402
1	1.09	-1.59
2	-0.395	-0.756
1	1.46	-0.417
2	-0.724	-1.26
1	-1.59	-0.98
2	0.159	1.51
2	-0.843	1.4
2	-0.581	-1.27
2	-0.268	-1.26
1	-1.58	-0.842
2	-0.52	1.2
1	-0.0203	1.92
2	-1.52	0.934
2	1.05	0.444
1	0.351	-0.0402
2	-0.322	-1.12
2	-0.654	-0.999
2	0.165	-1.58
1	2.6	0.951
2	1.52	-0.0653
1	-1.29	-0.529
2	1.18	0.392
2	-0.00264	-1.02
2	1.24	0.273
2	1.45	0.398
2	0.54	-1.26
2	-0.324	-1.03
1	-1.69	-1.2
2	-0.455	0.868
1	2.16	1.16
2	-0.232	-1.4
2	0.685	1.69
2	-0.0537	-1.52
2	1.03	0.548
2	-0.758	-1.21
1	-0.259	0.496
1	-0.472	0.411
2	-0.127	-1.33
2	-0.784	-1.05
1	-1.73	-1.32
1	-1.24	-0.919
2	0.275	-0.987
2	1.66	0.672
2	-1.07	0.963
2	-0.262	1.28
1	-1.4	-0.37
1	-0.288	0.305
1	0.778	1.44
2	1.23	-0.493
1	-1.27	-0.273
2	-0.994	1.14
1	0.74	1.2
2	0.489	0.904
1	0.805	-0.237
1	-1.86	-1.47
2	-0.617	-1.02
2	-0.66	0.965
1	0.487	-0.13
2	-0.0508	-1.19
1	0.96	-0.522
2	-1.21	0.778
2	0.149	1.98
1	-1.76	-0.903
1	0.0486	-0.389
2	-0.891	1
2	0.263	-1.48
2	1.21	1.28
1	-1.46	0.0829
2	-1.04	1.19
1	-1.69	-0.542
1	0.707	0.0524
1	-0.201	0.0726
2	-1.97	0.611
1	0.99	-0.0762
2	1.28	0.902
1	0.569	1.62
1	-1.2	-0.451
2	-0.508	1.48
2	-1.69	-0.175
2	-0.298	-1.26
2	0.301	-1.17
2	0.975	1.48
1	-0.853	-0.254
1	0.837	1.75
2	0.379	1.36
1	-0.364	-0.0828
1	0.939	-0.351
2	1.24	0.554
1	1.37	-0.331
2	-0.48	-0.913
2	1.34	-0.261
2	0.286	1.23
2	0.672	2.03
2	-0.52	-1.52
2	-0.513	1.29
2	-0.648	-0.631
1	-0.113	-0.197
1	0.103	0.329
2	-0.941	0.976
1	-0.533	-0.402
1	1.09	-1.59
2	-0.395	-0.756
1	1.46	-0.417
2	-0.724	-1.26
1	-1.59	-0.98
2	0.159	1.51
2	-0.843	1.4
2	-0.581	-1.27
2	-0.268	-1.26
1	-1.58	-0.842
2	-0.52	1.2
1	-0.0203	1.92
2	-1.52	0.934
2	1.05	0.444
1	0.351	-0.0402
2	-0.322	-1.12
2	-0.654	-0.999
2	0.165	-1.58
1	2.6	0.951
2	1.52	-0.0653
1	-1.29	-0.529
2	1.18	0.392
2	-0.00264	-1.02
2	1.24	0.273
2	1.45	0.398
2	0.54	-1.26
2	-0.324	-1.03
1	-1.69	-1.2
2	-0.455	0.868
1	2.16	1.16
2	-0.232	-1.4
2	0.685	1.69
2	-0.0537	-1.52
2	1.03	0.548
2	-0.758	-1.21
1	-0.259	0.496
1	-0.472	0.411
2	-0.127	-1.33
2	-0.784	-1.05
1	-1.73	-1.32
1	-1.24	-0.919
2	0.275	-0.987
2	1.66	0.672
2	-1.07	0.963
2	-0.262	1.28
1	-1.4	-0.37
1	-0.288	0.305
1	0.778	1.44
2	1.23	-0.493
1	-1.27	-0.273
2	-0.994	1.14
1	0.74	1.2
2	0.489	0.904
1	0.805	-0.237
1	-1.86	-1.47
2	-0.617	-1.02
2	-0.66	0.965
1	0.487	-0.13
2	-0.0508	-1.19
1	0.96	-0.522
2	-1.21	0.778
2	0.149	1.98
1	-1.76	-0.903
1	0.0486	-0.389
2	-0.891	1
2	0.263	-1.48
2	1.21	1.28
1	-1.46	0.0829
2	-1.04	1.19
1	-1.69	-0.542
1	0.707	0.0524
1	-0.201	0.0726
2	-1.97	0.611
1	0.99	-0.0762
2	1.28	0.902
1	0.569	1.62
1	-1.2	-0.451
2	-0.508	1.48
2	-1.69	-0.175
2	-0.298	-1.26
2	0.301	-1.17
2	0.975	1.48
1	-0.853	-0.254
1	0.837	1.75
2	0.379	1.36
1	-0.364	-0.0828
1	0.939	-0.351
2	1.24	0.554
1	1.37	-0.331
2	-0.48	-0.913
2	1.34	-0.261
2	0.286	1.23
2	0.672	2.03
2	-0.52	-1.52
2	-0.513	1.29
2	-0.648	-0.631
1	-0.113	-0.197
1	0.103	0.329
2	-0.941	0.976
1	-0.533	-0.402
1	1.09	-1.59
2	-0.395	-0.756
1	1.46	-0.417
2	-0.724	-1.26
1	-1.59	-0.98
2	0.159	1.51
2	-0.843	1.4
2	-0.581	-1.27
2	-0.268	-1.26
1	-1.58	-0.842
2	-0.52	1.2
1	-0.0203	1.92
2	-1.52	0.934
2	1.05	0.444
1	0.351	-0.0402
2	-0.322	-1.12
2	-0.654	-0.999
2	0.165	-1.58
1	2.6	0.951
2	1.52	-0.0653
1	-1.29	-0.529
2	1.18	0.392
2	-0.00264	-1.02
2	1.24	0.273
2	1.45	0.398
2	0.54	-1.26
2	-0.324	-1.03
1	-1.69	-1.2
2	-0.455	0.868
1	2.16	1.16
2	-0.232	-1.4
2	0.685	1.69
2	-0.0537	-1.52
2	1.03	0.548
2	-0.758	-1.21
1	-0.259	0.496
1	-0.472	0.411
2	-0.127	-1.33
2	-0.784	-1.05
1	-1.73	-1.32
1	-1.24	-0.919
2	0.275	-0.987
2	1.66	0.672
2	-1.07	0.963
2	-0.262	1.28
1	-1.4	-0.37
1	-0.288	0.305
1	0.778	1.44
2	1.23	-0.493
1	-1.27	-0.273
2	-0.994	1.14
1	0.74	1.2
2	0.489	0.904
1	0.805	-0.237
1	-1.86	-1.47
2	-0.617	-1.02
2	-0.66	0.965
1	0.487	-0.13
2	-0.0508	-1.19
1	0.96	-0.522
2	-1.21	0.778
2	0.149	1.98
1	-1.76	-0.903
1	0.0486	-0.389
2	-0.891	1
2	0.263	-1.48
2	1.21	1.28
1	-1.46	0.0829
2	-1.04	1.19
1	-1.69	-0.542
1	0.707	0.0524
1	-0.201	0.0726
2	-1.97	0.611
1	0.99	-0.0762
2	1.28	0.902
1	0.569	1.62
1	-1.2	-0.451
2	-0.508	1.48
2	-1.69	-0.175
2	-0.298	-1.26
2	0.301	-1.17
2	0.975	1.48
1	-0.853	-0.254
1	0.837	1.75
2	0.379	1.36
1	-0.364	-0.0828
1	0.939	-0.351
2	1.24	0.554
1	1.37	-0.331
2	-0.48	-0.913
2	1.34	-0.261
2	0.286	1.23
2	0.672	2.03
2	-0.52	-1.52
2	-0.513	1.29
2	-0.648	-0.631
1	-0.113	-0.197
1	0.103	0.329
2	-0.941	0.976
1	-0.533	-0.402
1	1.09	-1.59
2	-0.395	-0.756
1	1.46	-0.417
2	-0.724	-1.26
1	-1.59	-0.98
2	0.159	1.51
2	-0.843	1.4
2	-0.581	-1.27
2	-0.268	-1.26
1	-1.58	-0.842
2	-0.52	1.2
1	-0.0203	1.92
2	-1.52	0.934
2	1.05	0.444
1	0.351	-0.0402
2	-0.322	-1.12
2	-0.654	-0.999
2	0.165	-1.58
1	2.6	0.951
2	1.52	-0.0653
1	-1.29	-0.529
2	1.18	0.392
2	-0.00264	-1.02
2	1.24	0.273
2	1.45	0.398
2	0.54	-1.26
2	-0.324	-1.03
1	-1.69	-1.2
2	-0.455	0.868
1	2.16	1.16
2	-0.232	-1.4
2	0.685	1.69
2	-0.0537	-1.52
2	1.03	0.548
2	-0.758	-1.21
1	-0.259	0.496
1	-0.472	0.411
2	-0.127	-1.33
2	-0.784	-1.05
1	-1.73	-1.32
1	-1.24	-0.919
2	0.275	-0.987
2	1.66	0.672
2	-1.07	0.963
2	-0.262	1.28
1	-1.4	-0.37
1	-0.288	0.305
1	0.778	1.44
2	1.23	-0.493
1	-1.27	-0.273
2	-0.994	1.14
1	0.74	1.2
2	0.489	0.904
1	0.805	-0.237
1	-1.86	-1.47
2	-0.617	-1.02
2	-0.66	0.965
1	0.487	-0.13
2	-0.0508	-1.19
1	0.96	-0.522
2	-1.21	0.778
2	0.149	1.98
1	-1.76	-0.903
1	0.0486	-0.389
2	-0.891	1
2	0.263	-1.48
2	1.21	1.28
1	-1.46	0.0829
2	-1.04	1.19
1	-1.69	-0.542
1	0.707	0.0524
1	-0.201	0.0726
2	-1.97	0.611
1	0.99	-0.0762
2	1.28	0.902
1	0.569	1.62
1	-1.2	-0.451
2	-0.508	1.48
2	-1.69	-0.175
2	-0.298	-1.26
2	0.301	-1.17
2	0.975	1.48
1	-0.853	-0.254
1	0.837	1.75
2	0.379	1.36
1	-0.364	-0.0828
1	0.939	-0.351
2	1.24	0.554
1	1.37	-0.331
2	-0.48	-0.913
2	1.34	-0.261
2	0.286	1.23
2	0.672	2.03
2	-0.52	-1.52
2	-0.513	1.29
2	-0.648	-0.631
1	-0.113	-0.197
1	0.103	0.329
2	-0.941	0.976
1	-0.533	-0.402
1	1.09	-1.59
2	-0.395	-0.756
1	1.46	-0.417
2	-0.724	-1.26
1	-1.59	-0.98
2	0.159	1.51
2	-0.843	1.4
2	-0.581	-1.27
2	-0.268	-1.26
1	-1.58	-0.842
2	-0.52	1.2
1	-0.0203	1.92
2	-1.52	0.934
2	1.05	0.444
1	0.351	-0.0402
2	-0.322	-1.12
2	-0.654	-0.999
2	0.165	-1.58
1	2.6	0.951
2	1.52	-0.0653
1	-1.29	-0.529
2	1.18	0.392
2	-0.00264	-1.02
2	1.24	0.273
2	1.45	0.398
2	0.54	-1.26
2	-0.324	-1.03
1	-1.69	-1.2
2	-0.455	0.868
1	2.16	1.16
2	-0.232	-1.4
2	0.685	1.69
2	-0.0537	-1.52
2	1.03	0.548
2	-0.758	-1.21
1	-0.259	0.496
1	-0.472	0.411
2	-0.127	-1.33
2	-0.784	-1.05
1	-1.73	-1.32
1	-1.24	-0.919
2	0.275	-0.987
2	1.66	0.672
2	-1.07	0.963
2	-0.262	1.28
1	-1.4	-0.37
1	-0.288	0.305
1	0.778	1.44
2	1.23	-0.493
1	-1.27	-0.273
2	-0.994	1.14
1	0.74	1.2
2	0.489	0.904
1	0.805	-0.237
1	-1.86	-1.47
2	-0.617	-1.02
2	-0.66	0.965
1	0.487	-0.13
2	-0.0508	-1.19
1	0.96	-0.522
2	-1.21	0.778
2	0.149	1.98
1	-1.76	-0.903
1	0.0486	-0.389
2	-0.891	1
2	0.263	-1.48
2	1.21	1.28
1	-1.46	0.0829
2	-1.04	1.19
1	-1.69	-0.542
1	0.707	0.0524
1	-0.201	0.0726
2	-1.97	0.611
1	0.99	-0.0762
2	1.28	0.902
1	0.569	1.62
1	-1.2	-0.451
2	-0.508	1.48
2	-1.69	-0.175
2	-0.298	-1.26
2	0.301	-1.17
2	0.975	1.48
1	-0.853	-0.254
1	0.837	1.75
2	0.379	1.36
1	-0.364	-0.0828
1	0.939	-0.351
2	1.24	0.554
1	1.37	-0.331
2	-0.48	-0.913
2	1.34	-0.261
2	0.286	1.23
2	0.672	2.03
2	-0.52	-1.52
2	-0.513	1.29
2	-0.648	-0.631
1	-0.113	-0.197
1	0.103	0.329
2	-0.941	0.976
1	-0.533	-0.402
1	1.09	-1.59
2	-0.395	-0.756
1	1.46	-0.417
2	-0.724	-1.26
1	-1.59	-0.98
2	0.159	1.51
2	-0.843	1.4
2	-0.581	-1.27
2	-0.268	-1.26
1	-1.58	-0.842
2	-0.52	1.2
1	-0.0203	1.92
2	-1.52	0.934
2	1.05	0.444
1	0.351	-0.0402
2	-0.322	-1.12
2	-0.654	-0.999
2	0.165	-1.58
1	2.6	0.951
2	1.52	-0.0653
1	-1.29	-0.529
2	1.18	0.392
2	-0.00264	-1.02
2	1.24	0.273
2	1.45	0.398
2	0.54	-1.26
2	-0.324	-1.03
1	-1.69	-1.2
2	-0.455	0.868
1	2.16	1.16
2	-0.232	-1.4
2	0.685	1.69
2	-0.0537	-1.52
2	1.03	0.548
2	-0.758	-1.21
1	-0.259	0.496
1	-0.472	0.411
2	-0.127	-1.33
2	-0.784	-1.05
1	-1.73	-1.32
1	-1.24	-0.919
2	0.275	-0.987
2	1.66	0.672
2	-1.07	0.963
2	-0.262	1.28
1	-1.4	-0.37
1	-0.288	0.305
1	0.778	1.44
2	1.23	-0.493
1	-1.27	-0.273
2	-0.994	1.14
1	0.74	1.2
2	0.489	0.904
1	0.805	-0.237
1	-1.86	-1.47
2	-0.617	-1.02
2	-0.66	0.965
1	0.487	-0.13
2	-0.0508	-1.19
1	0.96	-0.522
2	-1.21	0.778
2	0.149	1.98
1	-1.76	-0.903
1	0.0486	-0.389
2	-0.891	1
2	0.263	-1.48
2	1.21	1.28
1	-1.46	0.0829
2	-1.04	1.19
1	-1.69	-0.542
1	0.707	0.0524
1	-0.201	0.0726
2	-1.97	0.611
1	0.99	-0.0762
2	1.28	0.902
1	0.569	1.62
1	-1.2	-0.451
2	-0.508	1.48
2	-1.69	-0.175
2	-0.298	-1.26
2	0.301	-1.17
2	0.975	1.48
1	-0.853	-0.254
1	0.837	1.75
2	0.379	1.36
1	-0.364	-0.0828
1	0.939	-0.351
2	1.24	0.554
1	1.37	-0.331
2	-0.48	-0.913
2	1.34	-0.261
2	0.286	1.23
2	0.672	2.03
2	-0.52	-1.52
2	-0.513	1.29
2	-0.648	-0.631
1	-0.113	-0.197
1	0.103	0.329
2	-0.941	0.976
1	-0.533	-0.402
1	1.09	-1.59
2	-0.395	-0.756
1	1.46	-0.417
2	-0.724	-1.26
1	-1.59	-0.98
2	0.159	1.51
2	-0.843	1.4
2	-0.581	-1.27
2	-0.268	-1.26
1	-1.58	-0.842
2	-0.52	1.2
1	-0.0203	1.92
2	-1.52	0.934
2	1.05	0.444
1	0.351	-0.0402
2	-0.322	-1.12
2	-0.654	-0.999
2	0.165	-1.58
1	2.6	0.951
2	1.52	-0.0653
1	-1.29	-0.529
2	1.18	0.392
2	-0.00264	-1.02
2	1.24	0.273
2	1.45	0.398
2	0.54	-1.26
2	-0.324	-1.03
1	-1.69	-1.2
2	-0.455	0.868
1	2.16	1.16
2	-0.232	-1.4
2	0.685	1.69
2	-0.0537	-1.52
2	1.03	0.548
2	-0.758	-1.21
1	-0.259	0.496
1	-0.472	0.411
2	-0.127	-1.33
2	-0.784	-1.05
1	-1.73	-1.32
1	-1.24	-0.919
2	0.275	-0.987
2	1.66	0.672
2	-1.07	0.963
2	-0.262	1.28
1	-1.4	-0.37
1	-0.288	0.305
1	0.778	1.44
2	1.23	-0.493
1	-1.27	-0.273
2	-0.994	1.14
1	0.74	1.2
2	0.489	0.904
1	0.805	-0.237
1	-1.86	-1.47
2	-0.617	-1.02
2	-0.66	0.965
1	0.487	-0.13
2	-0.0508	-1.19
1	0.96	-0.522
2	-1.21	0.778
2	0.149	1.98
1	-1.76	-0.903
1	0.0486	-0.389
2	-0.891	1
2	0.263	-1.48
2	1.21	1.28
1	-1.46	0.0829
2	-1.04	1.19
1	-1.69	-0.542
1	0.707	0.0524
1	-0.201	0.0726
2	-1.97	0.611
1	0.99	-0.0762
2	1.28	0.902
1	0.569	1.62
1	-1.2	-0.451
2	-0.508	1.48
2	-1.69	-0.175
2	-0.298	-1.26
2	0.301	-1.17
2	0.975	1.48
1	-0.853	-0.254
1	0.837	1.75
2	0.379	1.36
1	-0.364	-0.0828
1	0.939	-0.351
2	1.24	0.554
1	1.37	-0.331
2	-0.48	-0.913
2	1.34	-0.261
2	0.286	1.23
2	0.672	2.03
2	-0.52	-1.52
2	-0.513	1.29
2	-0.648	-0.631
1	-0.113	-0.197
1	0.103	0.329
2	-0.941	0.976
1	-0.533	-0.402
1	1.09	-1.59
2	-0.395	-0.756
1	1.46	-0.417
2	-0.724	-1.26
1	-1.59	-0.98
2	0.159	1.51
2	-0.843	1.4
2	-0.581	-1.27
2	-0.268	-1.26
1	-1.58	-0.842
2	-0.52	1.2
1	-0.0203	1.92
2	-1.52	0.934
2	1.05	0.444
1	0.351	-0.0402
2	-0.322	-1.12
2	-0.654	-0.999
2	0.165	-1.58
1	2.6	0.951
2	1.52	-0.0653
1	-1.29	-0.529
2	1.18	0.392
2	-0.00264	-1.02
2	1.24	0.273
2	1.45	0.398
2	0.54	-1.26
2	-0.324	-1.03
1	-1.69	-1.2
2	-0.455	0.868
1	2.16	1.16
2	-0.232	-1.4
2	0.685	1.69
2	-0.0537	-1.52
2	1.03	0.548
2	-0.758	-1.21
1	-0.259	0.496
1	-0.472	0.411
2	-0.127	-1.33
2	-0.784	-1.05
1	-1.73	-1.32
1	-1.24	-0.919
2	0.275	-0.987
2	1.66	0.672
2	-1.07	0.963
2	-0.262	1.28
1	-1.4	-0.37
1	-0.288	0.305
1	0.778	1.44
2	1.23	-0.493
1	-1.27	-0.273
2	-0.994	1.14
1	0.74	1.2
2	0.489	0.904
1	0.805	-0.237
1	-1.86	-1.47
2	-0.617	-1.02
2	-0.66	0.965
1	0.487	-0.13
2	-0.0508	-1.19
1	0.96	-0.522
2	-1.21	0.778
2	0.149	1.98
1	-1.76	-0.903
1	0.0486	-0.389
2	-0.891	1
2	0.263	-1.48
2	1.21	1.28
1	-1.46	0.0829
2	-1.04	1.19
1	-1.69	-0.542
1	0.707	0.0524
1	-0.201	0.0726
2	-1.97	0.611
1	0.99	-0.0762
2	1.28	0.902
1	0.569	1.62
1	-1.2	-0.451
2	-0.508	1.48
2	-1.69	-0.175
2	-0.298	-1.26
2	0.301	-1.17
2	0.975	1.48
1	-0.853	-0.254
1	0.837	1.75
2	0.379	1.36
1	-0.364	-0.0828
1	0.939	-0.351
2	1.24	0.554
1	1.37	-0.331
2	-0.48	-0.913
2	1.34	-0.261
2	0.286	1.23
2	0.672	2.03
2	-0.52	-1.52
2	-0.513	1.29
2	-0.648	-0.631
1	-0.113	-0.197
1	0.103	0.329
2	-0.941	0.976
1	-0.533	-0.402
1	1.09	-1.59
2	-0.395	-0.756
1	1.46	-0.417
2	-0.724	-1.26
1	-1.59	-0.98
2	0.159	1.51
2	-0.843	1.4
2	-0.581	-1.27
2	-0.268	-1.26
1	-1.58	-0.842
2	-0.52	1.2
1	-0.0203	1.92
2	-1.52	0.934
2	1.05	0.444
1	0.351	-0.0402
2	-0.322	-1.12
2	-0.654	-0.999
2	0.165	-1.58
1	2.6	0.951
2	1.52	-0.0653
1	-1.29	-0.529
2	1.18	0.392
2	-0.00264	-1.02
2	1.24	0.273
2	1.45	0.398
2	0.54	-1.26
2	-0.324	-1.03
1	-1.69	-1.2
2	-0.455	0.868
1	2.16	1.16
2	-0.232	-1.4
2	0.685	1.69
2	-0.0537	-1.52
2	1.03	0.548
2	-0.758	-1.21
1	-0.259	0.496
1	-0.472	0.411
2	-0.127	-1.33
2	-0.784	-1.05
1	-1.73	-1.32
1	-1.24	-0.919
2	0.275	-0.987
2	1.66	0.672
2	-1.07	0.963
2	-0.262	1.28
1	-1.4	-0.37
1	-0.288	0.305
1	0.778	1.44
2	1.23	-0.493
1	-1.27	-0.273
2	-0.994	1.14
1	0.74	1.2
2	0.489	0.904
1	0.805	-0.237
1	-1.86	-1.47
2	-0.617	-1.02
2	-0.66	0.965
1	0.487	-0.13
2	-0.0508	-1.19
1	0.96	-0.522
2	-1.21	0.778
2	0.149	1.98
1	-1.76	-0.903
1	0.0486	-0.389
2	-0.891	1
2	0.263	-1.48
2	1.21	1.28
1	-1.46	0.0829
2	-1.04	1.19
1	-1.69	-0.542
1	0.707	0.0524
1	-0.201	0.0726
2	-1.97	0.611
1	0.99	-0.0762
2	1.28	0.902
1	0.569	1.62
1	-1.2	-0.451
2	-0.508	1.48
2	-1.69	-0.175
2	-0.298	-1.26
2	0.301	-1.17
2	0.975	1.48
1	-0.853	-0.254
1	0.837	1.75
2	0.379	1.36
1	-0.364	-0.0828
1	0.939	-0.351
2	1.24	0.554
1	1.37	-0.331
2	-0.48	-0.913
2	1.34	-0.261
2	0.286	1.23
2	0.672	2.03
2	-0.52	-1.52
2	-0.513	1.29
2	-0.648	-0.631
1	-0.113	-0.197
1	0.103	0.329
2	-0.941	0.976
1	-0.533	-0.402
1	1.09	-1.59
2	-0.395	-0.756
1	1.46	-0.417
2	-0.724	-1.26
1	-1.59	-0.98
2	0.159	1.51
2	-0.843	1.4
2	-0.581	-1.27
2	-0.268	-1.26
1	-1.58	-0.842
2	-0.52	1.2
1	-0.0203	1.92
2	-1.52	0.934
2	1.05	0.444
1	0.351	-0.0402
2	-0.322	-1.12
2	-0.654	-0.999
2	0.165	-1.58
1	2.6	0.951
2	1.52	-0.0653
1	-1.29	-0.529
2	1.18	0.392
2	-0.00264	-1.02
2	1.24	0.273
2	1.45	0.398
2	0.54	-1.26
2	-0.324	-1.03
1	-1.69	-1.2
2	-0.455	0.868
1	2.16	1.16
2	-0.232	-1.4
2	0.685	1.69
2	-0.0537	-1.52
2	1.03	0.548
2	-0.758	-1.21
1	-0.259	0.496
1	-0.472	0.411
2	-0.127	-1.33
2	-0.784	-1.05
1	-1.73	-1.32
1	-1.24	-0.919
2	0.275	-0.987
2	1.66	0.672
2	-1.07	0.963
2	-0.262	1.28
1	-1.4	-0.37
1	-0.288	0.305
1	0.778	1.44
2	1.23	-0.493
1	-1.27	-0.273
2	-0.994	1.14
1	0.74	1.2
2	0.489	0.904
1	0.805	-0.237
1	-1.86	-1.47
2	-0.617	-1.02
2	-0.66	0.965
1	0.487	-0.13
2	-0.0508	-1.19
1	0.96	-0.522
2	-1.21	0.778
2	0.149	1.98
1	-1.76	-0.903
1	0.0486	-0.389
2	-0.891	1
2	0.263	-1.48
2	1.21	1.28
1	-1.46	0.0829
2	-1.04	1.19
1	-1.69	-0.542
1	0.707	0.0524
1	-0.201	0.0726
2	-1.97	0.611
1	0.99	-0.0762
2	1.28	0.902
1	0.569	1.62
1	-1.2	-0.451
2	-0.508	1.48
2	-1.69	-0.175
2	-0.298	-1.26
2	0.301	-1.17
2	0.975	1.48
1	-0.853	-0.254
1	0.837	1.75
2	0.379	1.36
1	-0.364	-0.0828
1	0.939	-0.351
2	1.24	0.554
1	1.37	-0.331
2	-0.48	-0.913
2	1.34	-0.261
2	0.286	1.23
2	0.672	2.03
2	-0.52	-1.52
2	-0.513	1.29
2	-0.648	-0.631
1	-0.113	-0.197
1	0.103	0.329
2	-0.941	0.976
1	-0.533	-0.402
1	1.09	-1.59
2	-0.395	-0.756
1	1.46	-0.417
2	-0.724	-1.26
1	-1.59	-0.98
2	0.159	1.51
2	-0.843	1.4
2	-0.581	-1.27
2	-0.268	-1.26
1	-1.58	-0.842
2	-0.52	1.2
1	-0.0203	1.92
2	-1.52	0.934
2	1.05	0.444
1	0.351	-0.0402
2	-0.322	-1.12
2	-0.654	-0.999
2	0.165	-1.58
1	2.6	0.951
2	1.52	-0.0653
1	-1.29	-0.529
2	1.18	0.392
2	-0.00264	-1.02
2	1.24	0.273
2	1.45	0.398
2	0.54	-1.26
2	-0.324	-1.03
1	-1.69	-1.2
2	-0.455	0.868
1	2.16	1.16
2	-0.232	-1.4
2	0.685	1.69
2	-0.0537	-1.52
2	1.03	0.548
2	-0.758	-1.21
1	-0.259	0.496
1	-0.472	0.411
2	-0.127	-1.33
2	-0.784	-1.05
1	-1.73	-1.32
1	-1.24	-0.919
2	0.275	-0.987
2	1.66	0.672
2	-1.07	0.963
2	-0.262	1.28
1	-1.4	-0.37
1	-0.288	0.305
1	0.778	1.44
2	1.23	-0.493
1	-1.27	-0.273
2	-0.994	1.14
1	0.74	1.2
2	0.489	0.904
1	0.805	-0.237
1	-1.86	-1.47
2	-0.617	-1.02
2	-0.66	0.965
1	0.487	-0.13
2	-0.0508	-1.19
1	0.96	-0.522
2	-1.21	0.778
2	0.149	1.98
1	-1.76	-0.903
1	0.0486	-0.389
2	-0.891	1
2	0.263	-1.48
2	1.21	1.28
1	-1.46	0.0829
2	-1.04	1.19
1	-1.69	-0.542
1	0.707	0.0524
1	-0.201	0.0726
2	-1.97	0.611
1	0.99	-0.0762
2	1.28	0.902
1	0.569	1.62
1	-1.2	-0.451
2	-0.508	1.48
2	-1.69	-0.175
2	-0.298	-1.26
2	0.301	-1.17
2	0.975	1.48
1	-0.853	-0.254
1	0.837	1.75
2	0.379	1.36
1	-0.364	-0.0828
1	0.939	-0.351
2	1.24	0.554
1	1.37	-0.331
2	-0.48	-0.913
2	1.34	-0.261
2	0.286	1.23
2	0.672	2.03
2	-0.52	-1.52
2	-0.513	1.29
2	-0.648	-0.631
1	-0.113	-0.197
1	0.103	0.329
2	-0.941	0.976
1	-0.533	-0.402
1	1.09	-1.59
2	-0.395	-0.756
1	1.46	-0.417
2	-0.724	-1.26
1	-1.59	-0.98
2	0.159	1.51
2	-0.843	1.4
2	-0.581	-1.27
2	-0.268	-1.26
1	-1.58	-0.842
2	-0.52	1.2
1	-0.0203	1.92
2	-1.52	0.934
2	1.05	0.444
1	0.351	-0.0402
2	-0.322	-1.12
2	-0.654	-0.999
2	0.165	-1.58
1	2.6	0.951
2	1.52	-0.0653
1	-1.29	-0.529
2	1.18	0.392
2	-0.00264	-1.02
2	1.24	0.273
2	1.45	0.398
2	0.54	-1.26
2	-0.324	-1.03
1	-1.69	-1.2
2	-0.455	0.868
1	2.16	1.16
2	-0.232	-1.4
2	0.685	1.69
2	-0.0537	-1.52
2	1.03	0.548
2	-0.758	-1.21
1	-0.259	0.496
1	-0.472	0.411
2	-0.127	-1.33
2	-0.784	-1.05
1	-1.73	-1.32
1	-1.24	-0.919
2	0.275	-0.987
2	1.66	0.672
2	-1.07	0.963
2	-0.262	1.28
1	-1.4	-0.37
1	-0.288	0.305
1	0.778	1.44
2	1.23	-0.493
1	-1.27	-0.273
2	-0.994	1.14
1	0.74	1.2
2	0.489	0.904
1	0.805	-0.237
1	-1.86	-1.47
2	-0.617	-1.02
2	-0.66	0.965
1	0.487	-0.13
2	-0.0508	-1.19
1	0.96	-0.522
2	-1.21	0.778
2	0.149	1.98
1	-1.76	-0.903
1	0.0486	-0.389
2	-0.891	1
2	0.263	-1.48
2	1.21	1.28
1	-1.46	0.0829
2	-1.04	1.19
1	-1.69	-0.542
1	0.707	0.0524
1	-0.201	0.0726
2	-1.97	0.611
1	0.99	-0.0762
2	1.28	0.902
1	0.569	1.62
1	-1.2	-0.451
2	-0.508	1.48
2	-1.69	-0.175
2	-0.298	-1.26
2	0.301	-1.17
2	0.975	1.48
1	-0.853	-0.254
1	0.837	1.75
2	0.379	1.36
1	-0.364	-0.0828
1	0.939	-0.351
2	1.24	0.554
1	1.37	-0.331
2	-0.48	-0.913
2	1.34	-0.261
2	0.286	1.23
2	0.672	2.03
2	-0.52	-1.52
2	-0.513	1.29
2	-0.648	-0.631
1	-0.113	-0.197
1	0.103	0.329
2	-0.941	0.976
1	-0.533	-0.402
1	1.09	-1.59
2	-0.395	-0.756
1	1.46	-0.417
2	-0.724	-1.26
1	-1.59	-0.98
2	0.159	1.51
2	-0.843	1.4
2	-0.581	-1.27
2	-0.268	-1.26
1	-1.58	-0.842
2	-0.52	1.2
1	-0.0203	1.92
2	-1.52	0.934
2	1.05	0.444
1	0.351	-0.0402
2	-0.322	-1.12
2	-0.654	-0.999
2	0.165	-1.58
1	2.6	0.951
2	1.52	-0.0653
1	-1.29	-0.529
2	1.18	0.392
2	-0.00264	-1.02
2	1.24	0.273
2	1.45	0.398
2	0.54	-1.26
2	-0.324	-1.03
1	-1.69	-1.2
2	-0.455	0.868
1	2.16	1.16
2	-0.232	-1.4
2	0.685	1.69
2	-0.0537	-1.52
2	1.03	0.548
2	-0.758	-1.21
1	-0.259	0.496
1	-0.472	0.411
2	-0.127	-1.33
2	-0.784	-1.05
1	-1.73	-1.32
1	-1.24	-0.919
2	0.275	-0.987
2	1.66	0.672
2	-1.07	0.963
2	-0.262	1.28
1	-1.4	-0.37
1	-0.288	0.305
1	0.778	1.44
2	1.23	-0.493
1	-1.27	-0.273
2	-0.994	1.14
1	0.74	1.2
2	0.489	0.904
1	0.805	-0.237
1	-1.86	-1.47
2	-0.617	-1.02
2	-0.66	0.965
1	0.487	-0.13
2	-0.0508	-1.19
1	0.96	-0.522
2	-1.21	0.778
2	0.149	1.98
1	-1.76	-0.903
1	0.0486	-0.389
2	-0.891	1
2	0.263	-1.48
2	1.21	1.28
1	-1.46	0.0829
2	-1.04	1.19
1	-1.69	-0.542
1	0.707	0.0524
1	-0.201	0.0726
2	-1.97	0.611
1	0.99	-0.0762
2	1.28	0.902
1	0.569	1.62
1	-1.2	-0.451
2	-0.508	1.48
2	-1.69	-0.175
2	-0.298	-1.26
2	0.301	-1.17
2	0.975	1.48
1	-0.853	-0.254
1	0.837	1.75
2	0.379	1.36
1	-0.364	-0.0828
1	0.939	-0.351
2	1.24	0.554
1	1.37	-0.331
2	-0.48	-0.913
2	1.34	-0.261
2	0.286	1.23
2	0.672	2.03
2	-0.52	-1.52
2	-0.513	1.29
2	-0.648	-0.631
1	-0.113	-0.197
1	0.103	0.329
2	-0.941	0.976
1	-0.533	-0.402
1	1.09	-1.59
2	-0.395	-0.756
1	1.46	-0.417
2	-0.724	-1.26
1	-1.59	-0.98
2	0.159	1.51
2	-0.843	1.4
2	-0.581	-1.27
2	-0.268	-1.26
1	-1.58	-0.842
2	-0.52	1.2
1	-0.0203	1.92
2	-1.52	0.934
2	1.05	0.444
1	0.351	-0.0402
2	-0.322	-1.12
2	-0.654	-0.999
2	0.165	-1.58
1	2.6	0.951
2	1.52	-0.0653
1	-1.29	-0.529
2	1.18	0.392
2	-0.00264	-1.02
2	1.24	0.273
2	1.45	0.398
2	0.54	-1.26
2	-0.324	-1.03
1	-1.69	-1.2
2	-0.455	0.868
1	2.16	1.16
2	-0.232	-1.4
2	0.685	1.69
2	-0.0537	-1.52
2	1.03	0.548
2	-0.758	-1.21
1	-0.259	0.496
1	-0.472	0.411
2	-0.127	-1.33
2	-0.784	-1.05
1	-1.73	-1.32
1	-1.24	-0.919
2	0.275	-0.987
2	1.66	0.672
2	-1.07	0.963
2	-0.262	1.28
1	-1.4	-0.37
1	-0.288	0.305
1	0.778	1.44
2	1.23	-0.493
1	-1.27	-0.273
2	-0.994	1.14
1	0.74	1.2
2	0.489	0.904
1	0.805	-0.237
1	-1.86	-1.47
2	-0.617	-1.02
2	-0.66	0.965
1	0.487	-0.13
2	-0.0508	-1.19
1	0.96	-0.522
2	-1.21	0.778
2	0.149	1.98
1	-1.76	-0.903
1	0.0486	-0.389
2	-0.891	1
2	0.263	-1.48
2	1.21	1.28
1	-1.46	0.0829
2	-1.04	1.19
1	-1.69	-0.542
1	0.707	0.0524
1	-0.201	0.0726
2	-1.97	0.611
1	0.99	-0.0762
2	1.28	0.902
1	0.569	1.62
1	-1.2	-0.451
2	-0.508	1.48
2	-1.69	-0.175
2	-0.298	-1.26
2	0.301	-1.17
2	0.975	1.48
1	-0.853	-0.254
1	0.837	1.75
2	0.379	1.36
1	-0.364	-0.0828
1	0.939	-0.351
2	1.24	0.554
1	1.37	-0.331
2	-0.48	-0.913
2	1.34	-0.261
2	0.286	1.23
2	0.672	2.03
2	-0.52	-1.52
2	-0.513	1.29
2	-0.648	-0.631
1	-0.113	-0.197
1	0.103	0.329
2	-0.941	0.976
1	-0.533	-0.402
1	1.09	-1.59
2	-0.395	-0.756
1	1.46	-0.417
2	-0.724	-1.26
1	-1.59	-0.98
2	0.159	1.51
2	-0.843	1.4
2	-0.581	-1.27
2	-0.268	-1.26
1	-1.58	-0.842
2	-0.52	1.2
1	-0.0203	1.92
2	-1.52	0.934
2	1.05	0.444
1	0.351	-0.0402
2	-0.322	-1.12
2	-0.654	-0.999
2	0.165	-1.58
1	2.6	0.951
2	1.52	-0.0653
1	-1.29	-0.529
2	1.18	0.392
2	-0.00264	-1.02
2	1.24	0.273
2	1.45	0.398
2	0.54	-1.26
2	-0.324	-1.03
1	-1.69	-1.2
2	-0.455	0.868
1	2.16	1.16
2	-0.232	-1.4
2	0.685	1.69
2	-0.0537	-1.52
2	1.03	0.548
2	-0.758	-1.21
1	-0.259	0.496
1	-0.472	0.411
2	-0.127	-1.33
2	-0.784	-1.05
1	-1.73	-1.32
1	-1.24	-0.919
2	0.275	-0.987
2	1.66	0.672
2	-1.07	0.963
2	-0.262	1.28
1	-1.4	-0.37
1	-0.288	0.305
1	0.778	1.44
2	1.23	-0.493
1	-1.27	-0.273
2	-0.994	1.14
1	0.74	1.2
2	0.489	0.904
1	0.805	-0.237
1	-1.86	-1.47
2	-0.617	-1.02
2	-0.66	0.965
1	0.487	-0.13
2	-0.0508	-1.19
1	0.96	-0.522
2	-1.21	0.778
2	0.149	1.98
1	-1.76	-0.903
1	0.0486	-0.389
2	-0.891	1
2	0.263	-1.48
2	1.21	1.28
1	-1.46	0.0829
2	-1.04	1.19
1	-1.69	-0.542
1	0.707	0.0524
1	-0.201	0.0726
2	-1.97	0.611
1	0.99	-0.0762
2	1.28	0.902
1	0.569	1.62
1	-1.2	-0.451
2	-0.508	1.48
2	-1.69	-0.175
2	-0.298	-1.26
2	0.301	-1.17
2	0.975	1.48
1	-0.853	-0.254
1	0.837	1.75
2	0.379	1.36
1	-0.364	-0.0828
1	0.939	-0.351
2	1.24	0.554
1	1.37	-0.331
2	-0.48	-0.913
2	1.34	-0.261
2	0.286	1.23
2	0.672	2.03
2	-0.52	-1.52
2	-0.513	1.29
2	-0.648	-0.631
1	-0.113	-0.197
1	0.103	0.329
2	-0.941	0.976
1	-0.533	-0.402
1	1.09	-1.59
2	-0.395	-0.756
1	1.46	-0.417
2	-0.724	-1.26
1	-1.59	-0.98
2	0.159	1.51
2	-0.843	1.4
2	-0.581	-1.27
2	-0.268	-1.26
1	-1.58	-0.842
2	-0.52	1.2
1	-0.0203	1.92
2	-1.52	0.934
2	1.05	0.444
1	0.351	-0.0402
2	-0.322	-1.12
2	-0.654	-0.999
2	0.165	-1.58
1	2.6	0.951
2	1.52	-0.0653
1	-1.29	-0.529
2	1.18	0.392
2	-0.00264	-1.02
2	1.24	0.273
2	1.45	0.398
2	0.54	-1.26
2	-0.324	-1.03
1	-1.69	-1.2
2	-0.455	0.868
1	2.16	1.16
2	-0.232	-1.4
2	0.685	1.69
2	-0.0537	-1.52
2	1.03	0.548
2	-0.758	-1.21
1	-0.259	0.496
1	-0.472	0.411
2	-0.127	-1.33
2	-0.784	-1.05
1	-1.73	-1.32
1	-1.24	-0.919
2	0.275	-0.987
2	1.66	0.672
2	-1.07	0.963
2	-0.262	1.28
1	-1.4	-0.37
1	-0.288	0.305
1	0.778	1.44
2	1.23	-0.493
1	-1.27	-0.273
2	-0.994	1.14
1	0.74	1.2
2	0.489	0.904
1	0.805	-0.237
1	-1.86	-1.47
2	-0.617	-1.02
2	-0.66	0.965
1	0.487	-0.13
2	-0.0508	-1.19
1	0.96	-0.522
2	-1.21	0.778
2	0.149	1.98
1	-1.76	-0.903
1	0.0486	-0.389
2	-0.891	1
2	0.263	-1.48
2	1.21	1.28
1	-1.46	0.0829
2	-1.04	1.19
1	-1.69	-0.542
1	0.707	0.0524
1	-0.201	0.0726
2	-1.97	0.611
1	0.99	-0.0762
2	1.28	0.902
1	0.569	1.62
1	-1.2	-0.451
2	-0.508	1.48
2	-1.69	-0.175
2	-0.298	-1.26
2	0.301	-1.17
2	0.975	1.48
1	-0.853	-0.254
1	0.837	1.75
2	0.379	1.36
1	-0.364	-0.0828
1	0.939	-0.351
2	1.24	0.554
1	1.37	-0.331
2	-0.48	-0.913
2	1.34	-0.261
2	0.286	1.23
2	0.672	2.03
2	-0.52	-1.52
2	-0.513	1.29
2	-0.648	-0.631
1	-0.113	-0.197
1	0.103	0.329
2	-0.941	0.976
1	-0.533	-0.402
1	1.09	-1.59
2	-0.395	-0.756
1	1.46	-0.417
2	-0.724	-1.26
1	-1.59	-0.98
2	0.159	1.51
2	-0.843	1.4
2	-0.581	-1.27
2	-0.268	-1.26
1	-1.58	-0.842
2	-0.52	1.2
1	-0.0203	1.92
2	-1.52	0.934
2	1.05	0.444
1	0.351	-0.0402
2	-0.322	-1.12
2	-0.654	-0.999
2	0.165	-1.58
1	2.6	0.951
2	1.52	-0.0653
1	-1.29	-0.529
2	1.18	0.392
2	-0.00264	-1.02
2	1.24	0.273
2	1.45	0.398
2	0.54	-1.26
2	-0.324	-1.03
1	-1.69	-1.2
2	-0.455	0.868
1	2.16	1.16
2	-0.232	-1.4
2	0.685	1.69
2	-0.0537	-1.52
2	1.03	0.548
2	-0.758	-1.21
1	-0.259	0.496
1	-0.472	0.411
2	-0.127	-1.33
2	-0.784	-1.05
1	-1.73	-1.32
1	-1.24	-0.919
2	0.275	-0.987
2	1.66	0.672
2	-1.07	0.963
2	-0.262	1.28
1	-1.4	-0.37
1	-0.288	0.305
1	0.778	1.44
2	1.23	-0.493
1	-1.27	-0.273
2	-0.994	1.14
1	0.74	1.2
2	0.489	0.904
1	0.805	-0.237
1	-1.86	-1.47
2	-0.617	-1.02
2	-0.66	0.965
1	0.487	-0.13
2	-0.0508	-1.19
1	0.96	-0.522
2	-1.21	0.778
2	0.149	1.98
1	-1.76	-0.903
1	0.0486	-0.389
2	-0.891	1
2	0.263	-1.48
2	1.21	1.28
1	-1.46	0.0829
2	-1.04	1.19
1	-1.69	-0.542
1	0.707	0.0524
1	-0.201	0.0726
2	-1.97	0.611
1	0.99	-0.0762
2	1.28	0.902
1	0.569	1.62
1	-1.2	-0.451
2	-0.508	1.48
2	-1.69	-0.175
2	-0.298	-1.26
2	0.301	-1.17
2	0.975	1.48
1	-0.853	-0.254
1	0.837	1.75
2	0.379	1.36
1	-0.364	-0.0828
1	0.939	-0.351
2	1.24	0.554
1	1.37	-0.331
2	-0.48	-0.913
2	1.34	-0.261
2	0.286	1.23
2	0.672	2.03
2	-0.52	-1.52
2	-0.513	1.29
2	-0.648	-0.631
1	-0.113	-0.197
1	0.103	0.329
2	-0.941	0.976
1	-0.533	-0.402
1	1.09	-1.59
2	-0.395	-0.756
1	1.46	-0.417
2	-0.724	-1.26
1	-1.59	-0.98
2	0.159	1.51
2	-0.843	1.4
2	-0.581	-1.27
2	-0.268	-1.26
1	-1.58	-0.842
2	-0.52	1.2
1	-0.0203	1.92
2	-1.52	0.934
2	1.05	0.444
1	0.351	-0.0402
2	-0.322	-1.12
2	-0.654	-0.999
2	0.165	-1.58
1	2.6	0.951
2	1.52	-0.0653
1	-1.29	-0.529
2	1.18	0.392
2	-0.00264	-1.02
2	1.24	0.273
2	1.45	0.398
2	0.54	-1.26
2	-0.324	-1.03
1	-1.69	-1.2
2	-0.455	0.868
1	2.16	1.16
2	-0.232	-1.4
2	0.685	1.69
2	-0.0537	-1.52
2	1.03	0.548
2	-0.758	-1.21
1	-0.259	0.496
1	-0.472	0.411
2	-0.127	-1.33
2	-0.784	-1.05
1	-1.73	-1.32
1	-1.24	-0.919
2	0.275	-0.987
2	1.66	0.672
2	-1.07	0.963
2	-0.262	1.28
1	-1.4	-0.37
1	-0.288	0.305
1	0.778	1.44
2	1.23	-0.493
1	-1.27	-0.273
2	-0.994	1.14
1	0.74	1.2
2	0.489	0.904
1	0.805	-0.237
1	-1.86	-1.47
2	-0.617	-1.02
2	-0.66	0.965
1	0.487	-0.13
2	-0.0508	-1.19
1	0.96	-0.522
2	-1.21	0.778
2	0.149	1.98
1	-1.76	-0.903
1	0.0486	-0.389
2	-0.891	1
2	0.263	-1.48
2	1.21	1.28
1	-1.46	0.0829
2	-1.04	1.19
1	-1.69	-0.542
1	0.707	0.0524
1	-0.201	0.0726
2	-1.97	0.611
1	0.99	-0.0762
2	1.28	0.902
1	0.569	1.62
1	-1.2	-0.451
2	-0.508	1.48
2	-1.69	-0.175
2	-0.298	-1.26
2	0.301	-1.17
2	0.975	1.48
1	-0.853	-0.254
1	0.837	1.75
2	0.379	1.36
1	-0.364	-0.0828
1	0.939	-0.351
2	1.24	0.554
1	1.37	-0.331
2	-0.48	-0.913
2	1.34	-0.261
2	0.286	1.23
2	0.672	2.03
2	-0.52	-1.52
2	-0.513	1.29
2	-0.648	-0.631
1	-0.113	-0.197
1	0.103	0.329
2	-0.941	0.976
1	-0.533	-0.402
1	1.09	-1.59
2	-0.395	-0.756
1	1.46	-0.417
2	-0.724	-1.26
1	-1.59	-0.98
2	0.159	1.51
2	-0.843	1.4
2	-0.581	-1.27
2	-0.268	-1.26
1	-1.58	-0.842
2	-0.52	1.2
1	-0.0203	1.92
2	-1.52	0.934
2	1.05	0.444
1	0.351	-0.0402
2	-0.322	-1.12
2	-0.654	-0.999
2	0.165	-1.58
1	2.6	0.951
2	1.52	-0.0653
1	-1.29	-0.529
2	1.18	0.392
2	-0.00264	-1.02
2	1.24	0.273
2	1.45	0.398
2	0.54	-1.26
2	-0.324	-1.03
1	-1.69	-1.2
2	-0.455	0.868
1	2.16	1.16
2	-0.232	-1.4
2	0.685	1.69
2	-0.0537	-1.52
2	1.03	0.548
2	-0.758	-1.21
1	-0.259	0.496
1	-0.472	0.411
2	-0.127	-1.33
2	-0.784	-1.05
1	-1.73	-1.32
1	-1.24	-0.919
2	0.275	-0.987
2	1.66	0.672
2	-1.07	0.963
2	-0.262	1.28
1	-1.4	-0.37
1	-0.288	0.305
1	0.778	1.44
2	1.23	-0.493
1	-1.27	-0.273
2	-0.994	1.14
1	0.74	1.2
2	0.489	0.904
1	0.805	-0.237
1	-1.86	-1.47
2	-0.617	-1.02
2	-0.66	0.965
1	0.487	-0.13
2	-0.0508	-1.19
1	0.96	-0.522
2	-1.21	0.778
2	0.149	1.98
1	-1.76	-0.903
1	0.0486	-0.389
2	-0.891	1
2	0.263	-1.48
2	1.21	1.28
1	-1.46	0.0829
2	-1.04	1.19
1	-1.69	-0.542
1	0.707	0.0524
1	-0.201	0.0726
2	-1.97	0.611
1	0.99	-0.0762
2	1.28	0.902
1	0.569	1.62
1	-1.2	-0.451
2	-0.508	1.48
2	-1.69	-0.175
2	-0.298	-1.26
2	0.301	-1.17
2	0.975	1.48
1	-0.853	-0.254
1	0.837	1.75
2	0.379	1.36
1	-0.364	-0.0828
1	0.939	-0.351
2	1.24	0.554
1	1.37	-0.331
2	-0.48	-0.913
2	1.34	-0.261
2	0.286	1.23
2	0.672	2.03
2	-0.52	-1.52
2	-0.513	1.29
2	-0.648	-0.631
1	-0.113	-0.197
1	0.103	0.329
2	-0.941	0.976
1	-0.533	-0.402
1	1.09	-1.59
2	-0.395	-0.756
1	1.46	-0.417
2	-0.724	-1.26
1	-1.59	-0.98
2	0.159	1.51
2	-0.843	1.4
2	-0.581	-1.27
2	-0.268	-1.26
1	-1.58	-0.842
2	-0.52	1.2
1	-0.0203	1.92
2	-1.52	0.934
2	1.05	0.444
1	0.351	-0.0402
2	-0.322	-1.12
2	-0.654	-0.999
2	0.165	-1.58
1	2.6	0.951
2	1.52	-0.0653
1	-1.29	-0.529
2	1.18	0.392
2	-0.00264	-1.02
2	1.24	0.273
2	1.45	0.398
2	0.54	-1.26
2	-0.324	-1.03
1	-1.69	-1.2
2	-0.455	0.868
1	2.16	1.16
2	-0.232	-1.4
2	0.685	1.69
2	-0.0537	-1.52
2	1.03	0.548
2	-0.758	-1.21
1	-0.259	0.496
1	-0.472	0.411
2	-0.127	-1.33
2	-0.784	-1.05
1	-1.73	-1.32
1	-1.24	-0.919
2	0.275	-0.987
2	1.66	0.672
2	-1.07	0.963
2	-0.262	1.28
1	-1.4	-0.37
1	-0.288	0.305
1	0.778	1.44
2	1.23	-0.493
1	-1.27	-0.273
2	-0.994	1.14
1	0.74	1.2
2	0.489	0.904
1	0.805	-0.237
1	-1.86	-1.47
2	-0.617	-1.02
2	-0.66	0.965
1	0.487	-0.13
2	-0.0508	-1.19
1	0.96	-0.522
2	-1.21	0.778
2	0.149	1.98
1	-1.76	-0.903
1	0.0486	-0.389
2	-0.891	1
2	0.263	-1.48
2	1.21	1.28
1	-1.46	0.0829
2	-1.04	1.19
1	-1.69	-0.542
1	0.707	0.0524
1	-0.201	0.0726
2	-1.97	0.611
1	0.99	-0.0762
2	1.28	0.902
1	0.569	1.62
1	-1.2	-0.451
2	-0.508	1.48
2	-1.69	-0.175
2	-0.298	-1.26
2	0.301	-1.17
2	0.975	1.48
1	-0.853	-0.254
1	0.837	1.75
2	0.379	1.36
1	-0.364	-0.0828
1	0.939	-0.351
2	1.24	0.554
1	1.37	-0.331
2	-0.48	-0.913
2	1.34	-0.261
2	0.286	1.23
2	0.672	2.03
2	-0.52	-1.52
2	-0.513	1.29
2	-0.648	-0.631
1	-0.113	-0.197
1	0.103	0.329
2	-0.941	0.976
1	-0.533	-0.402
1	1.09	-1.59
2	-0.395	-0.756
1	1.46	-0.417
2	-0.724	-1.26
1	-1.59	-0.98
2	0.159	1.51
2	-0.843	1.4
2	-0.581	-1.27
2	-0.268	-1.26
1	-1.58	-0.842
2	-0.52	1.2
1	-0.0203	1.92
2	-1.52	0.934
2	1.05	0.444
1	0.351	-0.0402
2	-0.322	-1.12
2	-0.654	-0.999
2	0.165	-1.58
1	2.6	0.951
2	1.52	-0.0653
1	-1.29	-0.529
2	1.18	0.392
2	-0.00264	-1.02
2	1.24	0.273
2	1.45	0.398
2	0.54	-1.26
2	-0.324	-1.03
1	-1.69	-1.2
2	-0.455	0.868
1	2.16	1.16
2	-0.232	-1.4
2	0.685	1.69
2	-0.0537	-1.52
2	1.03	0.548
2	-0.758	-1.21
1	-0.259	0.496
1	-0.472	0.411
2	-0.127	-1.33
2	-0.784	-1.05
1	-1.73	-1.32
1	-1.24	-0.919
2	0.275	-0.987
2	1.66	0.672
2	-1.07	0.963
2	-0.262	1.28
1	-1.4	-0.37
1	-0.288	0.305
1	0.778	1.44
2	1.23	-0.493
1	-1.27	-0.273
2	-0.994	1.14
1	0.74	1.2
2	0.489	0.904
1	0.805	-0.237
1	-1.86	-1.47
2	-0.617	-1.02
2	-0.66	0.965
1	0.487	-0.13
2	-0.0508	-1.19
1	0.96	-0.522
2	-1.21	0.778
2	0.149	1.98
1	-1.76	-0.903
1	0.0486	-0.389
2	-0.891	1
2	0.263	-1.48
2	1.21	1.28
1	-1.46	0.0829
2	-1.04	1.19
1	-1.69	-0.542
1	0.707	0.0524
1	-0.201	0.0726
2	-1.97	0.611
1	0.99	-0.0762
2	1.28	0.902
1	0.569	1.62
1	-1.2	-0.451
2	-0.508	1.48
2	-1.69	-0.175
2	-0.298	-1.26
2	0.301	-1.17
2	0.975	1.48
1	-0.853	-0.254
1	0.837	1.75
2	0.379	1.36
1	-0.364	-0.0828
1	0.939	-0.351
2	1.24	0.554
1	1.37	-0.331
2	-0.48	-0.913
2	1.34	-0.261
2	0.286	1.23
2	0.672	2.03
2	-0.52	-1.52
2	-0.513	1.29
2	-0.648	-0.631
1	-0.113	-0.197
1	0.103	0.329
2	-0.941	0.976
1	-0.533	-0.402
1	1.09	-1.59
2	-0.395	-0.756
1	1.46	-0.417
2	-0.724	-1.26
1	-1.59	-0.98
2	0.159	1.51
2	-0.843	1.4
2	-0.581	-1.27
2	-0.268	-1.26
1	-1.58	-0.842
2	-0.52	1.2
1	-0.0203	1.92
2	-1.52	0.934
2	1.05	0.444
1	0.351	-0.0402
2	-0.322	-1.12
2	-0.654	-0.999
2	0.165	-1.58
1	2.6	0.951
2	1.52	-0.0653
1	-1.29	-0.529
2	1.18	0.392
2	-0.00264	-1.02
2	1.24	0.273
2	1.45	0.398
2	0.54	-1.26
2	-0.324	-1.03
1	-1.69	-1.2
2	-0.455	0.868
1	2.16	1.16
2	-0.232	-1.4
2	0.685	1.69
2	-0.0537	-1.52
2	1.03	0.548
2	-0.758	-1.21
1	-0.259	0.496
1	-0.472	0.411
2	-0.127	-1.33
2	-0.784	-1.05
1	-1.73	-1.32
1	-1.24	-0.919
2	0.275	-0.987
2	1.66	0.672
2	-1.07	0.963
2	-0.262	1.28
1	-1.4	-0.37
1	-0.288	0.305
1	0.778	1.44
2	1.23	-0.493
1	-1.27	-0.273
2	-0.994	1.14
1	0.74	1.2
2	0.489	0.904
1	0.805	-0.237
1	-1.86	-1.47
2	-0.617	-1.02
2	-0.66	0.965
1	0.487	-0.13
2	-0.0508	-1.19
1	0.96	-0.522
2	-1.21	0.778
2	0.149	1.98
1	-1.76	-0.903
1	0.0486	-0.389
2	-0.891	1
2	0.263	-1.48
2	1.21	1.28
1	-1.46	0.0829
2	-1.04	1.19
1	-1.69	-0.542
1	0.707	0.0524
1	-0.201	0.0726
2	-1.97	0.611
1	0.99	-0.0762
2	1.28	0.902
1	0.569	1.62
1	-1.2	-0.451
2	-0.508	1.48
2	-1.69	-0.175
2	-0.298	-1.26
2	0.301	-1.17
2	0.975	1.48
1	-0.853	-0.254
1	0.837	1.75
2	0.379	1.36
1	-0.364	-0.0828
1	0.939	-0.351
2	1.24	0.554
1	1.37	-0.331
2	-0.48	-0.913
2	1.34	-0.261
2	0.286	1.23
2	0.672	2.03
2	-0.52	-1.52
2	-0.513	1.29
2	-0.648	-0.631
1	-0.113	-0.197
1	0.103	0.329
2	-0.941	0.976
1	-0.533	-0.402
1	1.09	-1.59
2	-0.395	-0.756
1	1.46	-0.417
2	-0.724	-1.26
1	-1.59	-0.98
2	0.159	1.51
2	-0.843	1.4
2	-0.581	-1.27
2	-0.268	-1.26
1	-1.58	-0.842
2	-0.52	1.2
1	-0.0203	1.92
2	-1.52	0.934
2	1.05	0.444
1	0.351	-0.0402
2	-0.322	-1.12
2	-0.654	-0.999
2	0.165	-1.58
1	2.6	0.951
2	1.52	-0.0653
1	-1.29	-0.529
2	1.18	0.392
2	-0.00264	-1.02
2	1.24	0.273
2	1.45	0.398
2	0.54	-1.26
2	-0.324	-1.03
1	-1.69	-1.2
2	-0.455	0.868
1	2.16	1.16
2	-0.232	-1.4
2	0.685	1.69
2	-0.0537	-1.52
2	1.03	0.548
2	-0.758	-1.21
1	-0.259	0.496
1	-0.472	0.411
2	-0.127	-1.33
2	-0.784	-1.05
1	-1.73	-1.32
1	-1.24	-0.919
2	0.275	-0.987
2	1.66	0.672
2	-1.07	0.963
2	-0.262	1.28
1	-1.4	-0.37
1	-0.288	0.305
1	0.778	1.44
2	1.23	-0.493
1	-1.27	-0.273
2	-0.994	1.14
1	0.74	1.2
2	0.489	0.904
1	0.805	-0.237
1	-1.86	-1.47
2	-0.617	-1.02
2	-0.66	0.965
1	0.487	-0.13
2	-0.0508	-1.19
1	0.96	-0.522
2	-1.21	0.778
2	0.149	1.98
1	-1.76	-0.903
1	0.0486	-0.389
2	-0.891	1
2	0.263	-1.48
2	1.21	1.28
1	-1.46	0.0829
2	-1.04	1.19
1	-1.69	-0.542
1	0.707	0.0524
1	-0.201	0.0726
2	-1.97	0.611
1	0.99	-0.0762
2	1.28	0.902
1	0.569	1.62
1	-1.2	-0.451
2	-0.508	1.48
2	-1.69	-0.175
2	-0.298	-1.26
2	0.301	-1.17
2	0.975	1.48
1	-0.853	-0.254
1	0.837	1.75
2	0.379	1.36
1	-0.364	-0.0828
1	0.939	-0.351
2	1.24	0.554
1	1.37	-0.331
2	-0.48	-0.913
2	1.34	-0.261
2	0.286	1.23
2	0.672	2.03
2	-0.52	-1.52
2	-0.513	1.29
2	-0.648	-0.631
1	-0.113	-0.197
1	0.103	0.329
2	-0.941	0.976
1	-0.533	-0.402
1	1.09	-1.59
2	-0.395	-0.756
1	1.46	-0.417
2	-0.724	-1.26
1	-1.59	-0.98
2	0.159	1.51
2	-0.843	1.4
2	-0.581	-1.27
2	-0.268	-1.26
1	-1.58	-0.842
2	-0.52	1.2
1	-0.0203	1.92
2	-1.52	0.934
2	1.05	0.444
1	0.351	-0.0402
2	-0.322	-1.12
2	-0.654	-0.999
2	0.165	-1.58
1	2.6	0.951
2	1.52	-0.0653
1	-1.29	-0.529
2	1.18	0.392
2	-0.00264	-1.02
2	1.24	0.273
2	1.45	0.398
2	0.54	-1.26
2	-0.324	-1.03
1	-1.69	-1.2
2	-0.455	0.868
1	2.16	1.16
2	-0.232	-1.4
2	0.685	1.69
2	-0.0537	-1.52
2	1.03	0.548
2	-0.758	-1.21
1	-0.259	0.496
1	-0.472	0.411
2	-0.127	-1.33
2	-0.784	-1.05
1	-1.73	-1.32
1	-1.24	-0.919
2	0.275	-0.987
2	1.66	0.672
2	-1.07	0.963
2	-0.262	1.28
1	-1.4	-0.37
1	-0.288	0.305
1	0.778	1.44
2	1.23	-0.493
1	-1.27	-0.273
2	-0.994	1.14
1	0.74	1.2
2	0.489	0.904
1	0.805	-0.237
1	-1.86	-1.47
2	-0.617	-1.02
2	-0.66	0.965
1	0.487	-0.13
2	-0.0508	-1.19
1	0.96	-0.522
2	-1.21	0.778
2	0.149	1.98
1	-1.76	-0.903
1	0.0486	-0.389
2	-0.891	1
2	0.263	-1.48
2	1.21	1.28
1	-1.46	0.0829
2	-1.04	1.19
1	-1.69	-0.542
1	0.707	0.0524
1	-0.201	0.0726
2	-1.97	0.611
1	0.99	-0.0762
2	1.28	0.902
1	0.569	1.62
1	-1.2	-0.451
2	-0.508	1.48
2	-1.69	-0.175
2	-0.298	-1.26
2	0.301	-1.17
2	0.975	1.48
1	-0.853	-0.254
1	0.837	1.75
2	0.379	1.36
1	-0.364	-0.0828
1	0.939	-0.351
2	1.24	0.554
1	1.37	-0.331
2	-0.48	-0.913
2	1.34	-0.261
2	0.286	1.23
2	0.672	2.03
2	-0.52	-1.52
2	-0.513	1.29
2	-0.648	-0.631
1	-0.113	-0.197
1	0.103	0.329
2	-0.941	0.976
1	-0.533	-0.402
1	1.09	-1.59
2	-0.395	-0.756
1	1.46	-0.417
2	-0.724	-1.26
1	-1.59	-0.98
2	0.159	1.51
2	-0.843	1.4
2	-0.581	-1.27
2	-0.268	-1.26
1	-1.58	-0.842
2	-0.52	1.2
1	-0.0203	1.92
2	-1.52	0.934
2	1.05	0.444
1	0.351	-0.0402
2	-0.322	-1.12
2	-0.654	-0.999
2	0.165	-1.58
1	2.6	0.951
2	1.52	-0.0653
1	-1.29	-0.529
2	1.18	0.392
2	-0.00264	-1.02
2	1.24	0.273
2	1.45	0.398
2	0.54	-1.26
2	-0.324	-1.03
1	-1.69	-1.2
2	-0.455	0.868
1	2.16	1.16
2	-0.232	-1.4
2	0.685	1.69
2	-0.0537	-1.52
2	1.03	0.548
2	-0.758	-1.21
1	-0.259	0.496
1	-0.472	0.411
2	-0.127	-1.33
2	-0.784	-1.05
1	-1.73	-1.32
1	-1.24	-0.919
2	0.275	-0.987
2	1.66	0.672
2	-1.07	0.963
2	-0.262	1.28
1	-1.4	-0.37
1	-0.288	0.305
1	0.778	1.44
2	1.23	-0.493
1	-1.27	-0.273
2	-0.994	1.14
1	0.74	1.2
2	0.489	0.904
1	0.805	-0.237
1	-1.86	-1.47
2	-0.617	-1.02
2	-0.66	0.965
1	0.487	-0.13
2	-0.0508	-1.19
1	0.96	-0.522
2	-1.21	0.778
2	0.149	1.98
1	-1.76	-0.903
1	0.0486	-0.389
2	-0.891	1
2	0.263	-1.48
2	1.21	1.28
1	-1.46	0.0829
2	-1.04	1.19
1	-1.69	-0.542
1	0.707	0.0524
1	-0.201	0.0726
2	-1.97	0.611
1	0.99	-0.0762
2	1.28	0.902
1	0.569	1.62
1	-1.2	-0.451
2	-0.508	1.48
2	-1.69	-0.175
2	-0.298	-1.26
2	0.301	-1.17
2	0.975	1.48
1	-0.853	-0.254
1	0.837	1.75
2	0.379	1.36
1	-0.364	-0.0828
1	0.939	-0.351
2	1.24	0.554
1	1.37	-0.331
2	-0.48	-0.913
2	1.34	-0.261
2	0.286	1.23
2	0.672	2.03
2	-0.52	-1.52
2	-0.513	1.29
2	-0.648	-0.631
1	-0.113	-0.197
1	0.103	0.329
2	-0.941	0.976
1	-0.533	-0.402
1	1.09	-1.59
2	-0.395	-0.756
1	1.46	-0.417
2	-0.724	-1.26
1	-1.59	-0.98
2	0.159	1.51
2	-0.843	1.4
2	-0.581	-1.27
2	-0.268	-1.26
1	-1.58	-0.842
2	-0.52	1.2
1	-0.0203	1.92
2	-1.52	0.934
2	1.05	0.444
1	0.351	-0.0402
2	-0.322	-1.12
2	-0.654	-0.999
2	0.165	-1.58
1	2.6	0.951
2	1.52	-0.0653
1	-1.29	-0.529
2	1.18	0.392
2	-0.00264	-1.02
2	1.24	0.273
2	1.45	0.398
2	0.54	-1.26
2	-0.324	-1.03
1	-1.69	-1.2
2	-0.455	0.868
1	2.16	1.16
2	-0.232	-1.4
2	0.685	1.69
2	-0.0537	-1.52
2	1.03	0.548
2	-0.758	-1.21
1	-0.259	0.496
1	-0.472	0.411
2	-0.127	-1.33
2	-0.784	-1.05
1	-1.73	-1.32
1	-1.24	-0.919
2	0.275	-0.987
2	1.66	0.672
2	-1.07	0.963
2	-0.262	1.28
1	-1.4	-0.37
1	-0.288	0.305
1	0.778	1.44
2	1.23	-0.493
1	-1.27	-0.273
2	-0.994	1.14
1	0.74	1.2
2	0.489	0.904
1	0.805	-0.237
1	-1.86	-1.47
2	-0.617	-1.02
2	-0.66	0.965
1	0.487	-0.13
2	-0.0508	-1.19
1	0.96	-0.522
2	-1.21	0.778
2	0.149	1.98
1	-1.76	-0.903
1	0.0486	-0.389
2	-0.891	1
2	0.263	-1.48
2	1.21	1.28
1	-1.46	0.0829
2	-1.04	1.19
1	-1.69	-0.542
1	0.707	0.0524
1	-0.201	0.0726
2	-1.97	0.611
1	0.99	-0.0762
2	1.28	0.902
1	0.569	1.62
1	-1.2	-0.451
2	-0.508	1.48
2	-1.69	-0.175
2	-0.298	-1.26
2	0.301	-1.17
2	0.975	1.48
1	-0.853	-0.254
1	0.837	1.75
2	0.379	1.36
1	-0.364	-0.0828
1	0.939	-0.351
2	1.24	0.554
1	1.37	-0.331
2	-0.48	-0.913
2	1.34	-0.261
2	0.286	1.23
2	0.672	2.03
2	-0.52	-1.52
2	-0.513	1.29
2	-0.648	-0.631
1	-0.113	-0.197
1	0.103	0.329
2	-0.941	0.976
1	-0.533	-0.402
1	1.09	-1.59
2	-0.395	-0.756
1	1.46	-0.417
2	-0.724	-1.26
1	-1.59	-0.98
2	0.159	1.51
2	-0.843	1.4
2	-0.581	-1.27
2	-0.268	-1.26
1	-1.58	-0.842
2	-0.52	1.2
1	-0.0203	1.92
2	-1.52	0.934
2	1.05	0.444
1	0.351	-0.0402
2	-0.322	-1.12
2	-0.654	-0.999
2	0.165	-1.58
1	2.6	0.951
2	1.52	-0.0653
1	-1.29	-0.529
2	1.18	0.392
2	-0.00264	-1.02
2	1.24	0.273
2	1.45	0.398
2	0.54	-1.26
2	-0.324	-1.03
1	-1.69	-1.2
2	-0.455	0.868
1	2.16	1.16
2	-0.232	-1.4
2	0.685	1.69
2	-0.0537	-1.52
2	1.03	0.548
2	-0.758	-1.21
1	-0.259	0.496
1	-0.472	0.411
2	-0.127	-1.33
2	-0.784	-1.05
1	-1.73	-1.32
1	-1.24	-0.919
2	0.275	-0.987
2	1.66	0.672
2	-1.07	0.963
2	-0.262	1.28
1	-1.4	-0.37
1	-0.288	0.305
1	0.778	1.44
2	1.23	-0.493
1	-1.27	-0.273
2	-0.994	1.14
1	0.74	1.2
2	0.489	0.904
1	0.805	-0.237
1	-1.86	-1.47
2	-0.617	-1.02
2	-0.66	0.965
1	0.487	-0.13
2	-0.0508	-1.19
1	0.96	-0.522
2	-1.21	0.778
2	0.149	1.98
1	-1.76	-0.903
1	0.0486	-0.389
2	-0.891	1
2	0.263	-1.48
2	1.21	1.28
1	-1.46	0.0829
2	-1.04	1.19
1	-1.69	-0.542
1	0.707	0.0524
1	-0.201	0.0726
2	-1.97	0.611
1	0.99	-0.0762
2	1.28	0.902
1	0.569	1.62
1	-1.2	-0.451
2	-0.508	1.48
2	-1.69	-0.175
2	-0.298	-1.26
2	0.301	-1.17
2	0.975	1.48
1	-0.853	-0.254
1	0.837	1.75
2	0.379	1.36
1	-0.364	-0.0828
1	0.939	-0.351
2	1.24	0.554
1	1.37	-0.331
2	-0.48	-0.913
2	1.34	-0.261
2	0.286	1.23
2	0.672	2.03
2	-0.52	-1.52
2	-0.513	1.29
2	-0.648	-0.631
1	-0.113	-0.197
1	0.103	0.329
2	-0.941	0.976
1	-0.533	-0.402
1	1.09	-1.59
2	-0.395	-0.756
1	1.46	-0.417
2	-0.724	-1.26
1	-1.59	-0.98
2	0.159	1.51
2	-0.843	1.4
2	-0.581	-1.27
2	-0.268	-1.26
1	-1.58	-0.842
2	-0.52	1.2
1	-0.0203	1.92
2	-1.52	0.934
2	1.05	0.444
1	0.351	-0.0402
2	-0.322	-1.12
2	-0.654	-0.999
2	0.165	-1.58
1	2.6	0.951
2	1.52	-0.0653
1	-1.29	-0.529
2	1.18	0.392
2	-0.00264	-1.02
2	1.24	0.273
2	1.45	0.398
2	0.54	-1.26
2	-0.324	-1.03
1	-1.69	-1.2
2	-0.455	0.868
1	2.16	1.16
2	-0.232	-1.4
2	0.685	1.69
2	-0.0537	-1.52
2	1.03	0.548
2	-0.758	-1.21
1	-0.259	0.496
1	-0.472	0.411
2	-0.127	-1.33
2	-0.784	-1.05
1	-1.73	-1.32
1	-1.24	-0.919
2	0.275	-0.987
2	1.66	0.672
2	-1.07	0.963
2	-0.262	1.28
1	-1.4	-0.37
1	-0.288	0.305
1	0.778	1.44
2	1.23	-0.493
1	-1.27	-0.273
2	-0.994	1.14
1	0.74	1.2
2	0.489	0.904
1	0.805	-0.237
1	-1.86	-1.47
2	-0.617	-1.02
2	-0.66	0.965
1	0.487	-0.13
2	-0.0508	-1.19
1	0.96	-0.522
2	-1.21	0.778
2	0.149	1.98
1	-1.76	-0.903
1	0.0486	-0.389
2	-0.891	1
2	0.263	-1.48
2	1.21	1.28
1	-1.46	0.0829
2	-1.04	1.19
1	-1.69	-0.542
1	0.707	0.0524
1	-0.201	0.0726
2	-1.97	0.611
1	0.99	-0.0762
2	1.28	0.902
1	0.569	1.62
1	-1.2	-0.451
2	-0.508	1.48
2	-1.69	-0.175
2	-0.298	-1.26
2	0.301	-1.17
2	0.975	1.48
1	-0.853	-0.254
1	0.837	1.75
2	0.379	1.36
1	-0.364	-0.0828
1	0.939	-0.351
2	1.24	0.554
1	1.37	-0.331
2	-0.48	-0.913
2	1.34	-0.261
2	0.286	1.23
2	0.672	2.03
2	-0.52	-1.52
2	-0.513	1.29
2	-0.648	-0.631
1	-0.113	-0.197
1	0.103	0.329
2	-0.941	0.976
1	-0.533	-0.402
1	1.09	-1.59
2	-0.395	-0.756
1	1.46	-0.417
2	-0.724	-1.26
1	-1.59	-0.98
2	0.159	1.51
2	-0.843	1.4
2	-0.581	-1.27
2	-0.268	-1.26
1	-1.58	-0.842
2	-0.52	1.2
1	-0.0203	1.92
2	-1.52	0.934
2	1.05	0.444
1	0.351	-0.0402
2	-0.322	-1.12
2	-0.654	-0.999
2	0.165	-1.58
1	2.6	0.951
2	1.52	-0.0653
1	-1.29	-0.529
2	1.18	0.392
2	-0.00264	-1.02
2	1.24	0.273
2	1.45	0.398
2	0.54	-1.26
2	-0.324	-1.03
1	-1.69	-1.2
2	-0.455	0.868
1	2.16	1.16
2	-0.232	-1.4
2	0.685	1.69
2	-0.0537	-1.52
2	1.03	0.548
2	-0.758	-1.21
1	-0.259	0.496
1	-0.472	0.411
2	-0.127	-1.33
2	-0.784	-1.05
1	-1.73	-1.32
1	-1.24	-0.919
2	0.275	-0.987
2	1.66	0.672
2	-1.07	0.963
2	-0.262	1.28
1	-1.4	-0.37
1	-0.288	0.305
1	0.778	1.44
2	1.23	-0.493
1	-1.27	-0.273
2	-0.994	1.14
1	0.74	1.2
2	0.489	0.904
1	0.805	-0.237
1	-1.86	-1.47
2	-0.617	-1.02
2	-0.66	0.965
1	0.487	-0.13
2	-0.0508	-1.19
1	0.96	-0.522
2	-1.21	0.778
2	0.149	1.98
1	-1.76	-0.903
1	0.0486	-0.389
2	-0.891	1
2	0.263	-1.48
2	1.21	1.28
1	-1.46	0.0829
2	-1.04	1.19
1	-1.69	-0.542
1	0.707	0.0524
1	-0.201	0.0726
2	-1.97	0.611
1	0.99	-0.0762
2	1.28	0.902
1	0.569	1.62
1	-1.2	-0.451
2	-0.508	1.48
2	-1.69	-0.175
2	-0.298	-1.26
2	0.301	-1.17
2	0.975	1.48
1	-0.853	-0.254
1	0.837	1.75
2	0.379	1.36
1	-0.364	-0.0828
1	0.939	-0.351
2	1.24	0.554
1	1.37	-0.331
2	-0.48	-0.913
2	1.34	-0.261
2	0.286	1.23
2	0.672	2.03
2	-0.52	-1.52
2	-0.513	1.29
2	-0.648	-0.631
1	-0.113	-0.197
1	0.103	0.329
2	-0.941	0.976
1	-0.533	-0.402
1	1.09	-1.59
2	-0.395	-0.756
1	1.46	-0.417
2	-0.724	-1.26
1	-1.59	-0.98
2	0.159	1.51
2	-0.843	1.4
2	-0.581	-1.27
2	-0.268	-1.26
1	-1.58	-0.842
2	-0.52	1.2
1	-0.0203	1.92
2	-1.52	0.934
2	1.05	0.444
1	0.351	-0.0402
2	-0.322	-1.12
2	-0.654	-0.999
2	0.165	-1.58
1	2.6	0.951
2	1.52	-0.0653
1	-1.29	-0.529
2	1.18	0.392
2	-0.00264	-1.02
2	1.24	0.273
2	1.45	0.398
2	0.54	-1.26
2	-0.324	-1.03
1	-1.69	-1.2
2	-0.455	0.868
1	2.16	1.16
2	-0.232	-1.4
2	0.685	1.69
2	-0.0537	-1.52
2	1.03	0.548
2	-0.758	-1.21
1	-0.259	0.496
1	-0.472	0.411
2	-0.127	-1.33
2	-0.784	-1.05
1	-1.73	-1.32
1	-1.24	-0.919
2	0.275	-0.987
2	1.66	0.672
2	-1.07	0.963
2	-0.262	1.28
1	-1.4	-0.37
1	-0.288	0.305
1	0.778	1.44
2	1.23	-0.493
1	-1.27	-0.273
2	-0.994	1.14
1	0.74	1.2
2	0.489	0.904
1	0.805	-0.237
1	-1.86	-1.47
2	-0.617	-1.02
2	-0.66	0.965
1	0.487	-0.13
2	-0.0508	-1.19
1	0.96	-0.522
2	-1.21	0.778
2	0.149	1.98
1	-1.76	-0.903
1	0.0486	-0.389
2	-0.891	1
2	0.263	-1.48
2	1.21	1.28
1	-1.46	0.0829
2	-1.04	1.19
1	-1.69	-0.542
1	0.707	0.0524
1	-0.201	0.0726
2	-1.97	0.611
1	0.99	-0.0762
2	1.28	0.902
1	0.569	1.62
1	-1.2	-0.451
2	-0.508	1.48
2	-1.69	-0.175
2	-0.298	-1.26
2	0.301	-1.17
2	0.975	1.48
1	-0.853	-0.254
1	0.837	1.75
2	0.379	1.36
1	-0.364	-0.0828
1	0.939	-0.351
2	1.24	0.554
1	1.37	-0.331
2	-0.48	-0.913
2	1.34	-0.261
2	0.286	1.23
2	0.672	2.03
2	-0.52	-1.52
2	-0.513	1.29
2	-0.648	-0.631
1	-0.113	-0.197
1	0.103	0.329
2	-0.941	0.976
1	-0.533	-0.402
1	1.09	-1.59
2	-0.395	-0.756
1	1.46	-0.417
2	-0.724	-1.26
1	-1.59	-0.98
2	0.159	1.51
2	-0.843	1.4
2	-0.581	-1.27
2	-0.268	-1.26
1	-1.58	-0.842
2	-0.52	1.2
1	-0.0203	1.92
2	-1.52	0.934
2	1.05	0.444
1	0.351	-0.0402
2	-0.322	-1.12
2	-0.654	-0.999
2	0.165	-1.58
1	2.6	0.951
2	1.52	-0.0653
1	-1.29	-0.529
2	1.18	0.392
2	-0.00264	-1.02
2	1.24	0.273
2	1.45	0.398
2	0.54	-1.26
2	-0.324	-1.03
1	-1.69	-1.2
2	-0.455	0.868
1	2.16	1.16
2	-0.232	-1.4
2	0.685	1.69
2	-0.0537	-1.52
2	1.03	0.548
2	-0.758	-1.21
1	-0.259	0.496
1	-0.472	0.411
2	-0.127	-1.33
2	-0.784	-1.05
1	-1.73	-1.32
1	-1.24	-0.919
2	0.275	-0.987
2	1.66	0.672
2	-1.07	0.963
2	-0.262	1.28
1	-1.4	-0.37
1	-0.288	0.305
1	0.778	1.44
2	1.23	-0.493
1	-1.27	-0.273
2	-0.994	1.14
1	0.74	1.2
2	0.489	0.904
1	0.805	-0.237
1	-1.86	-1.47
2	-0.617	-1.02
2	-0.66	0.965
1	0.487	-0.13
2	-0.0508	-1.19
1	0.96	-0.522
2	-1.21	0.778
2	0.149	1.98
1	-1.76	-0.903
1	0.0486	-0.389
2	-0.891	1
2	0.263	-1.48
2	1.21	1.28
1	-1.46	0.0829
2	-1.04	1.19
1	-1.69	-0.542
1	0.707	0.0524
1	-0.201	0.0726
2	-1.97	0.611
1	0.99	-0.0762
2	1.28	0.902
1	0.569	1.62
1	-1.2	-0.451
2	-0.508	1.48
2	-1.69	-0.175
2	-0.298	-1.26
2	0.301	-1.17
2	0.975	1.48
1	-0.853	-0.254
1	0.837	1.75
2	0.379	1.36
1	-0.364	-0.0828
1	0.939	-0.351
2	1.24	0.554
1	1.37	-0.331
2	-0.48	-0.913
2	1.34	-0.261
2	0.286	1.23
2	0.672	2.03
2	-0.52	-1.52
2	-0.513	1.29
2	-0.648	-0.631
1	-0.113	-0.197
1	0.103	0.329
2	-0.941	0.976
1	-0.533	-0.402
1	1.09	-1.59
2	-0.395	-0.756
1	1.46	-0.417
2	-0.724	-1.26
1	-1.59	-0.98
2	0.159	1.51
2	-0.843	1.4
2	-0.581	-1.27
2	-0.268	-1.26
1	-1.58	-0.842
2	-0.52	1.2
1	-0.0203	1.92
2	-1.52	0.934
2	1.05	0.444
1	0.351	-0.0402
2	-0.322	-1.12
2	-0.654	-0.999
2	0.165	-1.58
1	2.6	0.951
2	1.52	-0.0653
1	-1.29	-0.529
2	1.18	0.392
2	-0.00264	-1.02
2	1.24	0.273
2	1.45	0.398
2	0.54	-1.26
2	-0.324	-1.03
1	-1.69	-1.2
2	-0.455	0.868
1	2.16	1.16
2	-0.232	-1.4
2	0.685	1.69
2	-0.0537	-1.52
2	1.03	0.548
2	-0.758	-1.21
1	-0.259	0.496
1	-0.472	0.411
2	-0.127	-1.33
2	-0.784	-1.05
1	-1.73	-1.32
1	-1.24	-0.919
2	0.275	-0.987
2	1.66	0.672
2	-1.07	0.963
2	-0.262	1.28
1	-1.4	-0.37
1	-0.288	0.305
1	0.778	1.44
2	1.23	-0.493
1	-1.27	-0.273
2	-0.994	1.14
1	0.74	1.2
2	0.489	0.904
1	0.805	-0.237
1	-1.86	-1.47
2	-0.617	-1.02
2	-0.66	0.965
1	0.487	-0.13
2	-0.0508	-1.19
1	0.96	-0.522
2	-1.21	0.778
2	0.149	1.98
1	-1.76	-0.903
1	0.0486	-0.389
2	-0.891	1
2	0.263	-1.48
2	1.21	1.28
1	-1.46	0.0829
2	-1.04	1.19
1	-1.69	-0.542
1	0.707	0.0524
1	-0.201	0.0726
2	-1.97	0.611
1	0.99	-0.0762
2	1.28	0.902
1	0.569	1.62
1	-1.2	-0.451
2	-0.508	1.48
2	-1.69	-0.175
2	-0.298	-1.26
2	0.301	-1.17
2	0.975	1.48
1	-0.853	-0.254
1	0.837	1.75
2	0.379	1.36
1	-0.364	-0.0828
1	0.939	-0.351
2	1.24	0.554
1	1.37	-0.331
2	-0.48	-0.913
2	1.34	-0.261
2	0.286	1.23
2	0.672	2.03
2	-0.52	-1.52
2	-0.513	1.29
2	-0.648	-0.631
1	-0.113	-0.197
1	0.103	0.329
2	-0.941	0.976
1	-0.533	-0.402
1	1.09	-1.59
2	-0.395	-0.756
1	1.46	-0.417
2	-0.724	-1.26
1	-1.59	-0.98
2	0.159	1.51
2	-0.843	1.4
2	-0.581	-1.27
2	-0.268	-1.26
1	-1.58	-0.842
2	-0.52	1.2
1	-0.0203	1.92
2	-1.52	0.934
2	1.05	0.444
1	0.351	-0.0402
2	-0.322	-1.12
2	-0.654	-0.999
2	0.165	-1.58
1	2.6	0.951
2	1.52	-0.0653
1	-1.29	-0.529
2	1.18	0.392
2	-0.00264	-1.02
2	1.24	0.273
2	1.45	0.398
2	0.54	-1.26
2	-0.324	-1.03
1	-1.69	-1.2
2	-0.455	0.868
1	2.16	1.16
2	-0.232	-1.4
2	0.685	1.69
2	-0.0537	-1.52
2	1.03	0.548
2	-0.758	-1.21
1	-0.259	0.496
1	-0.472	0.411
2	-0.127	-1.33
2	-0.784	-1.05
1	-1.73	-1.32
1	-1.24	-0.919
2	0.275	-0.987
2	1.66	0.672
2	-1.07	0.963
2	-0.262	1.28
1	-1.4	-0.37
1	-0.288	0.305
1	0.778	1.44
2	1.23	-0.493
1	-1.27	-0.273
2	-0.994	1.14
1	0.74	1.2
2	0.489	0.904
1	0.805	-0.237
1	-1.86	-1.47
2	-0.617	-1.02
2	-0.66	0.965
1	0.487	-0.13
2	-0.0508	-1.19
1	0.96	-0.522
2	-1.21	0.778
2	0.149	1.98
1	-1.76	-0.903
1	0.0486	-0.389
2	-0.891	1
2	0.263	-1.48
2	1.21	1.28
1	-1.46	0.0829
2	-1.04	1.19
1	-1.69	-0.542
1	0.707	0.0524
1	-0.201	0.0726
2	-1.97	0.611
1	0.99	-0.0762
2	1.28	0.902
1	0.569	1.62
1	-1.2	-0.451
2	-0.508	1.48
2	-1.69	-0.175
2	-0.298	-1.26
2	0.301	-1.17
2	0.975	1.48
1	-0.853	-0.254
1	0.837	1.75
2	0.379	1.36
1	-0.364	-0.0828
1	0.939	-0.351
2	1.24	0.554
1	1.37	-0.331
2	-0.48	-0.913
2	1.34	-0.261
2	0.286	1.23
2	0.672	2.03
2	-0.52	-1.52
2	-0.513	1.29
2	-0.648	-0.631
1	-0.113	-0.197
1	0.103	0.329
2	-0.941	0.976
1	-0.533	-0.402
1	1.09	-1.59
2	-0.395	-0.756
1	1.46	-0.417
2	-0.724	-1.26
1	-1.59	-0.98
2	0.159	1.51
2	-0.843	1.4
2	-0.581	-1.27
2	-0.268	-1.26
1	-1.58	-0.842
2	-0.52	1.2
1	-0.0203	1.92
2	-1.52	0.934
2	1.05	0.444
1	0.351	-0.0402
2	-0.322	-1.12
2	-0.654	-0.999
2	0.165	-1.58
1	2.6	0.951
2	1.52	-0.0653
1	-1.29	-0.529
2	1.18	0.392
2	-0.00264	-1.02
2	1.24	0.273
2	1.45	0.398
2	0.54	-1.26
2	-0.324	-1.03
1	-1.69	-1.2
2	-0.455	0.868
1	2.16	1.16
2	-0.232	-1.4
2	0.685	1.69
2	-0.0537	-1.52
2	1.03	0.548
2	-0.758	-1.21
1	-0.259	0.496
1	-0.472	0.411
2	-0.127	-1.33
2	-0.784	-1.05
1	-1.73	-1.32
1	-1.24	-0.919
2	0.275	-0.987
2	1.66	0.672
2	-1.07	0.963
2	-0.262	1.28
1	-1.4	-0.37
1	-0.288	0.305
1	0.778	1.44
2	1.23	-0.493
1	-1.27	-0.273
2	-0.994	1.14
1	0.74	1.2
2	0.489	0.904
1	0.805	-0.237
1	-1.86	-1.47
2	-0.617	-1.02
2	-0.66	0.965
1	0.487	-0.13
2	-0.0508	-1.19
1	0.96	-0.522
2	-1.21	0.778
2	0.149	1.98
1	-1.76	-0.903
1	0.0486	-0.389
2	-0.891	1
2	0.263	-1.48
2	1.21	1.28
1	-1.46	0.0829
2	-1.04	1.19
1	-1.69	-0.542
1	0.707	0.0524
1	-0.201	0.0726
2	-1.97	0.611
1	0.99	-0.0762
2	1.28	0.902
1	0.569	1.62
1	-1.2	-0.451
2	-0.508	1.48
2	-1.69	-0.175
2	-0.298	-1.26
2	0.301	-1.17
2	0.975	1.48
1	-0.853	-0.254
1	0.837	1.75
2	0.379	1.36
1	-0.364	-0.0828
1	0.939	-0.351
2	1.24	0.554
1	1.37	-0.331
2	-0.48	-0.913
2	1.34	-0.261
2	0.286	1.23
2	0.672	2.03
2	-0.52	-1.52
2	-0.513	1.29
2	-0.648	-0.631
1	-0.113	-0.197
1	0.103	0.329
2	-0.941	0.976
1	-0.533	-0.402
1	1.09	-1.59
2	-0.395	-0.756
1	1.46	-0.417
2	-0.724	-1.26
1	-1.59	-0.98
2	0.159	1.51
2	-0.843	1.4
2	-0.581	-1.27
2	-0.268	-1.26
1	-1.58	-0.842
2	-0.52	1.2
1	-0.0203	1.92
2	-1.52	0.934
2	1.05	0.444
1	0.351	-0.0402
2	-0.322	-1.12
2	-0.654	-0.999
2	0.165	-1.58
1	2.6	0.951
2	1.52	-0.0653
1	-1.29	-0.529
2	1.18	0.392
2	-0.00264	-1.02
2	1.24	0.273
2	1.45	0.398
2	0.54	-1.26
2	-0.324	-1.03
1	-1.69	-1.2
2	-0.455	0.868
1	2.16	1.16
2	-0.232	-1.4
2	0.685	1.69
2	-0.0537	-1.52
2	1.03	0.548
2	-0.758	-1.21
1	-0.259	0.496
1	-0.472	0.411
2	-0.127	-1.33
2	-0.784	-1.05
1	-1.73	-1.32
1	-1.24	-0.919
2	0.275	-0.987
2	1.66	0.672
2	-1.07	0.963
2	-0.262	1.28
1	-1.4	-0.37
1	-0.288	0.305
1	0.778	1.44
2	1.23	-0.493
1	-1.27	-0.273
2	-0.994	1.14
1	0.74	1.2
2	0.489	0.904
1	0.805	-0.237
1	-1.86	-1.47
2	-0.617	-1.02
2	-0.66	0.965
1	0.487	-0.13
2	-0.0508	-1.19
1	0.96	-0.522
2	-1.21	0.778
2	0.149	1.98
1	-1.76	-0.903
1	0.0486	-0.389
2	-0.891	1
2	0.263	-1.48
2	1.21	1.28
1	-1.46	0.0829
2	-1.04	1.19
1	-1.69	-0.542
1	0.707	0.0524
1	-0.201	0.0726
2	-1.97	0.611
1	0.99	-0.0762
2	1.28	0.902
1	0.569	1.62
1	-1.2	-0.451
2	-0.508	1.48
2	-1.69	-0.175
2	-0.298	-1.26
2	0.301	-1.17
2	0.975	1.48
1	-0.853	-0.254
1	0.837	1.75
2	0.379	1.36
1	-0.364	-0.0828
1	0.939	-0.351
2	1.24	0.554
1	1.37	-0.331
2	-0.48	-0.913
2	1.34	-0.261
2	0.286	1.23
2	0.672	2.03
2	-0.52	-1.52
2	-0.513	1.29
2	-0.648	-0.631
1	-0.113	-0.197
1	0.103	0.329
2	-0.941	0.976
1	-0.533	-0.402
1	1.09	-1.59
2	-0.395	-0.756
1	1.46	-0.417
2	-0.724	-1.26
1	-1.59	-0.98
2	0.159	1.51
2	-0.843	1.4
2	-0.581	-1.27
2	-0.268	-1.26
1	-1.58	-0.842
2	-0.52	1.2
1	-0.0203	1.92
2	-1.52	0.934
2	1.05	0.444
1	0.351	-0.0402
2	-0.322	-1.12
2	-0.654	-0.999
2	0.165	-1.58
1	2.6	0.951
2	1.52	-0.0653
1	-1.29	-0.529
2	1.18	0.392
2	-0.00264	-1.02
2	1.24	0.273
2	1.45	0.398
2	0.54	-1.26
2	-0.324	-1.03
1	-1.69	-1.2
2	-0.455	0.868
1	2.16	1.16
2	-0.232	-1.4
2	0.685	1.69
2	-0.0537	-1.52
2	1.03	0.548
2	-0.758	-1.21
1	-0.259	0.496
1	-0.472	0.411
2	-0.127	-1.33
2	-0.784	-1.05
1	-1.73	-1.32
1	-1.24	-0.919
2	0.275	-0.987
2	1.66	0.672
2	-1.07	0.963
2	-0.262	1.28
1	-1.4	-0.37
1	-0.288	0.305
1	0.778	1.44
2	1.23	-0.493
1	-1.27	-0.273
2	-0.994	1.14
1	0.74	1.2
2	0.489	0.904
1	0.805	-0.237
1	-1.86	-1.47
2	-0.617	-1.02
2	-0.66	0.965
1	0.487	-0.13
2	-0.0508	-1.19
1	0.96	-0.522
2	-1.21	0.778
2	0.149	1.98
1	-1.76	-0.903
1	0.0486	-0.389
2	-0.891	1
2	0.263	-1.48
2	1.21	1.28
1	-1.46	0.0829
2	-1.04	1.19
1	-1.69	-0.542
1	0.707	0.0524
1	-0.201	0.0726
2	-1.97	0.611
1	0.99	-0.0762
2	1.28	0.902
1	0.569	1.62
1	-1.2	-0.451
2	-0.508	1.48
2	-1.69	-0.175
2	-0.298	-1.26
2	0.301	-1.17
2	0.975	1.48
1	-0.853	-0.254
1	0.837	1.75
2	0.379	1.36
1	-0.364	-0.0828
1	0.939	-0.351
2	1.24	0.554
1	1.37	-0.331
2	-0.48	-0.913
2	1.34	-0.261
2	0.286	1.23
2	0.672	2.03
2	-0.52	-1.52
2	-0.513	1.29
2	-0.648	-0.631
1	-0.113	-0.197
1	0.103	0.329
2	-0.941	0.976
1	-0.533	-0.402
1	1.09	-1.59
2	-0.395	-0.756
1	1.46	-0.417
2	-0.724	-1.26
1	-1.59	-0.98
2	0.159	1.51
2	-0.843	1.4
2	-0.581	-1.27
2	-0.268	-1.26
1	-1.58	-0.842
2	-0.52	1.2
1	-0.0203	1.92
2	-1.52	0.934
2	1.05	0.444
1	0.351	-0.0402
2	-0.322	-1.12
2	-0.654	-0.999
2	0.165	-1.58
1	2.6	0.951
2	1.52	-0.0653
1	-1.29	-0.529
2	1.18	0.392
2	-0.00264	-1.02
2	1.24	0.273
2	1.45	0.398
2	0.54	-1.26
2	-0.324	-1.03
1	-1.69	-1.2
2	-0.455	0.868
1	2.16	1.16
2	-0.232	-1.4
2	0.685	1.69
2	-0.0537	-1.52
2	1.03	0.548
2	-0.758	-1.21
1	-0.259	0.496
1	-0.472	0.411
2	-0.127	-1.33
2	-0.784	-1.05
1	-1.73	-1.32
1	-1.24	-0.919
2	0.275	-0.987
2	1.66	0.672
2	-1.07	0.963
2	-0.262	1.28
1	-1.4	-0.37
1	-0.288	0.305
1	0.778	1.44
2	1.23	-0.493
1	-1.27	-0.273
2	-0.994	1.14
1	0.74	1.2
2	0.489	0.904
1	0.805	-0.237
1	-1.86	-1.47
2	-0.617	-1.02
2	-0.66	0.965
1	0.487	-0.13
2	-0.0508	-1.19
1	0.96	-0.522
2	-1.21	0.778
2	0.149	1.98
1	-1.76	-0.903
1	0.0486	-0.389
2	-0.891	1
2	0.263	-1.48
2	1.21	1.28
1	-1.46	0.0829
2	-1.04	1.19
1	-1.69	-0.542
1	0.707	0.0524
1	-0.201	0.0726
2	-1.97	0.611
1	0.99	-0.0762
2	1.28	0.902
1	0.569	1.62
1	-1.2	-0.451
2	-0.508	1.48
2	-1.69	-0.175
2	-0.298	-1.26
2	0.301	-1.17
2	0.975	1.48
1	-0.853	-0.254
1	0.837	1.75
2	0.379	1.36
1	-0.364	-0.0828
1	0.939	-0.351
2	1.24	0.554
1	1.37	-0.331
2	-0.48	-0.913
2	1.34	-0.261
2	0.286	1.23
2	0.672	2.03
2	-0.52	-1.52
2	-0.513	1.29
2	-0.648	-0.631
1	-0.113	-0.197
1	0.103	0.329
2	-0.941	0.976
1	-0.533	-0.402
1	1.09	-1.59
2	-0.395	-0.756
1	1.46	-0.417
2	-0.724	-1.26
1	-1.59	-0.98
2	0.159	1.51
2	-0.843	1.4
2	-0.581	-1.27
2	-0.268	-1.26
1	-1.58	-0.842
2	-0.52	1.2
1	-0.0203	1.92
2	-1.52	0.934
2	1.05	0.444
1	0.351	-0.0402
2	-0.322	-1.12
2	-0.654	-0.999
2	0.165	-1.58
1	2.6	0.951
2	1.52	-0.0653
1	-1.29	-0.529
2	1.18	0.392
2	-0.00264	-1.02
2	1.24	0.273
2	1.45	0.398
2	0.54	-1.26
2	-0.324	-1.03
1	-1.69	-1.2
2	-0.455	0.868
1	2.16	1.16
2	-0.232	-1.4
2	0.685	1.69
2	-0.0537	-1.52
2	1.03	0.548
2	-0.758	-1.21
1	-0.259	0.496
1	-0.472	0.411
2	-0.127	-1.33
2	-0.784	-1.05
1	-1.73	-1.32
1	-1.24	-0.919
2	0.275	-0.987
2	1.66	0.672
2	-1.07	0.963
2	-0.262	1.28
1	-1.4	-0.37
1	-0.288	0.305
1	0.778	1.44
2	1.23	-0.493
1	-1.27	-0.273
2	-0.994	1.14
1	0.74	1.2
2	0.489	0.904
1	0.805	-0.237
1	-1.86	-1.47
2	-0.617	-1.02
2	-0.66	0.965
1	0.487	-0.13
2	-0.0508	-1.19
1	0.96	-0.522
2	-1.21	0.778
2	0.149	1.98
1	-1.76	-0.903
1	0.0486	-0.389
2	-0.891	1
2	0.263	-1.48
2	1.21	1.28
1	-1.46	0.0829
2	-1.04	1.19
1	-1.69	-0.542
1	0.707	0.0524
2	0.485	0.635
2	-0.674	0.842
1	0.722	-0.975
1	1.02	-0.625
1	1.26	-0.181
2	-0.658	-1.31
2	-0.405	-1.25
2	1.27	0.493
1	0.933	-0.277
1	-0.815	-0.682
1	-1.51	-0.769
2	0.117	-1.07
2	0.384	2.15
2	-1.32	1.1
1	1.2	-1.65
2	0.0529	1.52
2	1.46	0.0373
2	-0.607	-1.6
1	-1.06	-0.549
2	-1.39	0.862
1	0.527	0.51
1	1.15	-0.451
1	-0.171	0.0105
2	-1.63	0.524
2	2.2	-0.665
2	0.826	1.42
1	-0.138	-0.0524
2	-0.754	1.19
1	0.0574	-0.134
2	0.877	0.161
2	1.17	0.446
2	0.647	0.317
1	-1.73	-0.242
1	0.631	-0.674
1	-0.973	-0.047
1	-0.4	0.00463
1	-1.14	-1.27
2	0.42	1.1
1	0.43	-0.654
2	1.49	0.365
2	-0.643	1.68
1	0.698	-0.655
2	-0.222	2.47
1	-1.22	-0.0961
2	-0.276	1.05
1	-0.253	-0.406
2	-1.38	0.678
1	-1.13	-0.443
2	1.3	0.175
1	1.64	1.46
1	1.48	1.78
1	-1.61	-0.363
1	-1.52	-1.23
2	-0.0657	-1.19
1	-0.653	0.433
1	2.48	1.21
2	-0.959	1.08
1	0.842	-0.372
2	-0.402	-1.11
1	-0.291	0.561
1	-1.02	-0.224
1	0.45	-0.104
1	-1.88	-0.454
1	-0.582	-0.752
2	-0.594	1.24
1	-1.49	-0.00325
2	0.552	1.04
2	1.06	0.443
1	0.406	-0.707
1	1.15	0.0436
2	0.612	1.37
2	1.1	0.508
2	1.1	0.604
2	-0.753	1.18
1	-1.13	0.411
1	-0.872	0.26
1	-0.415	0.256
1	0.801	-0.639
1	0.762	0.125
2	0.0343	-1.18
1	0.524	-0.231
2	-0.0262	-1.18
1	-1.47	-0.0358
2	1.29	0.152
1	-0.851	0.189
2	-0.961	1
1	-0.776	0.127
1	-0.674	-0.62
1	0.244	-0.69
1	-0.974	0.511
2	0.37	1.03
1	-1.98	-0.88
1	0.308	0.117
2	-1.62	0.468
2	-0.843	-1.08
2	1	1.17
1	-0.954	0.687
1	0.768	-0.966
1	1.64	1.12
1	-1.7	-0.554
1	0.404	0.00999
1	0.704	-0.906
1	0.335	1.39
1	-1.7	-0.569
1	2.64	1.14
2	0.769	0.772
1	-0.255	-0.142
